<TICKER>,<PER>,<DATE>,<TIME>,<OPEN>,<HIGH>,<LOW>,<CLOSE>,<VOL>
GAZP,D,200103,000000,259.1,261.9,257.77,259,34326290
GAZP,D,200106,000000,258.91,258.96,254.8,256.55,28106710
GAZP,D,200108,000000,256.25,257.32,254.77,255.79,25566970
GAZP,D,200109,000000,255.66,256.68,251.82,254.07,33194830
GAZP,D,200110,000000,253.99,254.6,251.2,251.9,28545590
GAZP,D,200113,000000,252.5,252.5,248.4,251.5,41334580
GAZP,D,200114,000000,252,253.2,249,250,32866650
GAZP,D,200115,000000,249.5,252.5,247.75,251.3,43936180
GAZP,D,200116,000000,251.87,254.54,251.5,254.26,38394410
GAZP,D,200117,000000,254.76,256.6,253.8,255.39,42028610
GAZP,D,200120,000000,255.65,256.1,253.01,253.5,29957470
GAZP,D,200121,000000,253.37,253.4,250.88,252.99,26873610
GAZP,D,200122,000000,252.81,253.39,248.1,248.1,38825260
GAZP,D,200123,000000,246.9,247.66,239.01,239.3,73654660
GAZP,D,200124,000000,240.12,243.25,235.28,237.95,68994040
GAZP,D,200127,000000,235.01,235.4,229.65,230.96,104948220
GAZP,D,200128,000000,232.61,237.59,229,235,85405890
GAZP,D,200129,000000,236.9,237.36,231.3,232,52589600
GAZP,D,200130,000000,230.7,232.49,229.45,231.53,41451560
GAZP,D,200131,000000,232.53,233.79,226.57,226.7,70264920
GAZP,D,200203,000000,223.81,229.98,223.8,227.64,53572940
GAZP,D,200204,000000,228.47,231.08,226.65,230.5,45301220
GAZP,D,200205,000000,230.89,235.73,228.8,232.56,61685530
GAZP,D,200206,000000,234.04,236,230.15,231.38,42561470
GAZP,D,200207,000000,232.38,233.39,227.14,229.11,49649900
GAZP,D,200210,000000,228.58,229.75,224.41,225.2,50466570
GAZP,D,200211,000000,226.56,236.18,226.01,233.9,95547840
GAZP,D,200212,000000,235.2,239.8,234.56,238.03,83138320
GAZP,D,200213,000000,236.9,237.98,233.55,233.55,41949600
GAZP,D,200214,000000,233.79,235.4,230.91,232.5,34339380
GAZP,D,200217,000000,233.4,234.56,231.91,233.75,20525270
GAZP,D,200218,000000,232.97,233.28,229.8,230.5,30822280
GAZP,D,200219,000000,231.84,233.5,230.71,231.9,24383830
GAZP,D,200220,000000,232.55,235.75,232,234.6,33547100
GAZP,D,200221,000000,233.2,233.77,231.61,232,29613730
GAZP,D,200225,000000,227.99,230.06,224.68,224.68,51889790
GAZP,D,200226,000000,223.32,225.47,220.81,224.76,63577060
GAZP,D,200227,000000,220.99,223.4,216.8,217.5,82610580
GAZP,D,200228,000000,210,211.97,200.57,202.65,168877890
GAZP,D,200302,000000,207.99,211.99,195.51,198.78,151413660
GAZP,D,200303,000000,204.78,205.27,198,201.48,104199970
GAZP,D,200304,000000,199.9,204.42,198.28,200,78621910
GAZP,D,200305,000000,203,203.43,197.5,198,65760320
GAZP,D,200306,000000,193.49,194.23,185.13,188.27,131420850
GAZP,D,200310,000000,169.45,185.84,161.01,171,203245560
GAZP,D,200311,000000,173.98,175.87,167.39,172.03,108371760
GAZP,D,200312,000000,163.4,167.8,161.2,163.73,150756610
GAZP,D,200313,000000,164.08,175.69,164.02,166.1,142833320
GAZP,D,200316,000000,163.56,169.99,158.17,168.07,115641980
GAZP,D,200317,000000,168.96,175.5,164.56,167,108041540
GAZP,D,200318,000000,164.9,170.45,162,166.34,105950660
GAZP,D,200319,000000,168.77,175.2,164.05,174.56,121970230
GAZP,D,200320,000000,179.98,184.69,176.1,176.26,139598470
GAZP,D,200323,000000,171.03,172.28,168.04,168.35,108969290
GAZP,D,200324,000000,174.36,179.99,172.61,177.95,89246570
GAZP,D,200325,000000,182.8,186.9,175.26,180.2,114425820
GAZP,D,200326,000000,179.45,184.9,177.28,181.5,53884430
GAZP,D,200327,000000,181.2,181.37,172,174.5,55565750
GAZP,D,200330,000000,171.99,177.63,170.5,176.44,47795640
GAZP,D,200331,000000,178.5,184.64,178.01,181.41,69708850
GAZP,D,200401,000000,178.05,181.38,177.5,180.06,40356500
GAZP,D,200402,000000,183.8,190,180.25,187.04,87685660
GAZP,D,200403,000000,187.03,193.85,185.72,189.77,92292440
GAZP,D,200406,000000,192.25,193.44,189.44,191.1,62810660
GAZP,D,200407,000000,192.72,195.13,189.8,191.22,66726560
GAZP,D,200408,000000,189.75,194.11,188.1,194.11,49196260
GAZP,D,200409,000000,195.69,196.26,189.88,193.86,84196490
GAZP,D,200410,000000,191.86,192.44,190.51,192,16941950
GAZP,D,200413,000000,192.25,192.36,186.07,188.07,28468270
GAZP,D,200414,000000,189.57,191.76,188.3,190.11,50604120
GAZP,D,200415,000000,189.16,189.48,182.56,184.25,53684360
GAZP,D,200416,000000,185.15,189.16,182.75,184.3,56338120
GAZP,D,200417,000000,187.07,187.87,183.54,184.68,38709150
GAZP,D,200420,000000,184.11,186.25,183,185.51,34244800
GAZP,D,200421,000000,183.17,184.5,179.05,181.92,66847460
GAZP,D,200422,000000,181.09,188.55,180.33,188.36,48244280
GAZP,D,200423,000000,189.98,191.59,187.5,188.73,39797620
GAZP,D,200424,000000,187.94,187.95,185.1,185.71,36685880
GAZP,D,200427,000000,186.53,188.47,185.69,186.29,23536090
GAZP,D,200428,000000,185.93,190.65,185.76,188.5,44154560
GAZP,D,200429,000000,189.78,195.23,188.53,193.87,56201200
GAZP,D,200430,000000,195.44,196.2,189.62,190,72061970
GAZP,D,200504,000000,188,188.17,184.52,185.7,42833330
GAZP,D,200505,000000,188.39,190.39,187.3,190,39562120
GAZP,D,200506,000000,190.53,191.05,187.05,187.05,46377880
GAZP,D,200507,000000,187.52,190.3,185.5,185.85,67256130
GAZP,D,200508,000000,186.34,186.64,183.1,185.34,60934480
GAZP,D,200512,000000,184.88,187.2,183.2,186.17,49892900
GAZP,D,200513,000000,185.55,185.55,183.8,184.2,33177080
GAZP,D,200514,000000,183.27,184.85,181.68,183.91,49343510
GAZP,D,200515,000000,185.62,186.98,183.85,183.85,47863870
GAZP,D,200518,000000,185.4,192.5,185.14,192.5,60009590
GAZP,D,200519,000000,193,194.39,191.1,194.2,60258130
GAZP,D,200520,000000,193.57,197.27,192.79,196.74,73790890
GAZP,D,200521,000000,196.1,199.26,191.4,194.74,90059720
GAZP,D,200522,000000,194,195.76,192.21,194.35,42278710
GAZP,D,200525,000000,195.21,197.55,195.11,197.55,20030490
GAZP,D,200526,000000,198.8,202.3,196.3,196.86,65940550
GAZP,D,200527,000000,196.1,197.75,193.15,194.73,55228910
GAZP,D,200528,000000,194.4,196.98,194.17,196.86,39920270
GAZP,D,200529,000000,196.25,199.95,193.2,199.95,172617900
GAZP,D,200601,000000,200.25,202.47,197.15,198.72,54163710
GAZP,D,200602,000000,199.48,202.19,198.72,201.97,45255750
GAZP,D,200603,000000,203.1,208.15,202.01,208,65058830
GAZP,D,200604,000000,207.99,207.99,200.6,201.46,72176320
GAZP,D,200605,000000,202.56,204.84,201.51,203.05,44798190
GAZP,D,200608,000000,204.95,206.5,202.97,204.91,40076610
GAZP,D,200609,000000,205.41,206.1,201.57,204.84,35361030
GAZP,D,200610,000000,204.88,205.27,200.53,201.75,41510100
GAZP,D,200611,000000,200.19,200.19,195.15,196.74,48834830
GAZP,D,200615,000000,193.85,196.15,191,194.2,54158910
GAZP,D,200616,000000,196.06,199.59,195.2,196.59,43322650
GAZP,D,200617,000000,197.72,199.08,195.21,195.86,34389160
GAZP,D,200618,000000,195.44,195.57,191.85,193,45807200
GAZP,D,200619,000000,194.17,196.07,193.82,195.81,45158120
GAZP,D,200622,000000,195.35,195.35,192.62,194.3,36763320
GAZP,D,200623,000000,194.78,196.32,194,194.83,33800940
GAZP,D,200625,000000,191.8,192.48,190.55,192.25,48747730
GAZP,D,200626,000000,192.8,195.69,190.51,193,60289440
GAZP,D,200629,000000,192.67,198.1,192.58,197.94,45797120
GAZP,D,200630,000000,197.9,198.48,193.24,194.31,52228420
GAZP,D,200702,000000,195.31,195.84,194.4,195.28,34114100
GAZP,D,200703,000000,195.65,197.48,194.77,197.2,26423160
GAZP,D,200706,000000,199.21,201.75,198.53,199.99,46417970
GAZP,D,200707,000000,199.7,199.94,197.75,197.96,35182460
GAZP,D,200708,000000,198,201.19,197.55,201.17,30730070
GAZP,D,200709,000000,201.48,202,198.4,199.44,40355340
GAZP,D,200710,000000,198.25,201.7,197.22,200.94,39028520
GAZP,D,200713,000000,201.6,202.33,195.5,195.7,62999870
GAZP,D,200714,000000,195.09,196.65,192.48,193.6,83060710
GAZP,D,200715,000000,180.6,184.27,179.8,182.26,73463320
GAZP,D,200716,000000,181.2,183.8,181.07,183.32,29409000
GAZP,D,200717,000000,183.8,184.93,182.87,184.65,25471860
GAZP,D,200720,000000,184.67,188.41,183.88,188.36,30010590
GAZP,D,200721,000000,188.99,189.77,186.25,186.78,44388320
GAZP,D,200722,000000,187.03,188.59,186.07,187.15,22767680
GAZP,D,200723,000000,187.5,188.3,184.4,184.69,29769530
GAZP,D,200724,000000,184.83,186.45,184.12,185.45,30313190
GAZP,D,200727,000000,185.6,185.92,184.2,185.03,22734510
GAZP,D,200728,000000,185.13,185.46,183.6,184.3,26633740
GAZP,D,200729,000000,184.5,185.35,183.42,184.69,27882380
GAZP,D,200730,000000,184.44,184.73,180.91,182.52,34011750
GAZP,D,200731,000000,182.6,184.84,181.61,182.59,44920000
GAZP,D,200803,000000,182.51,184.03,181.72,183.6,28651930
GAZP,D,200804,000000,184.06,184.68,182.17,183.31,32428960
GAZP,D,200805,000000,183.52,189.98,183.35,189.15,75423620
GAZP,D,200806,000000,189.56,189.92,187.13,189.07,42849450
GAZP,D,200807,000000,188.44,188.57,185.81,187.23,28808600
GAZP,D,200810,000000,187.49,188.85,186.83,187.7,24226570
GAZP,D,200811,000000,187.88,192.4,187.88,189.7,51902080
GAZP,D,200812,000000,190.47,193.29,189.32,192.8,35583620
GAZP,D,200813,000000,192.5,194.44,191.25,193.76,37819700
GAZP,D,200814,000000,194.25,194.25,190.71,192.83,29780320
GAZP,D,200817,000000,193.84,194.68,189.2,190.47,55677760
GAZP,D,200818,000000,190.07,191.95,189.25,190.3,27776390
GAZP,D,200819,000000,190.5,191.99,189,189.26,31452990
GAZP,D,200820,000000,188.8,188.94,185.58,186.95,37649810
GAZP,D,200821,000000,187.25,187.79,183.5,184.51,33830700
GAZP,D,200824,000000,185.37,187.44,184.84,187.1,24264740
GAZP,D,200825,000000,187.45,187.99,184.73,186.25,19552010
GAZP,D,200826,000000,186.22,188,185,187.48,25456340
GAZP,D,200827,000000,187.5,188.01,182.62,184.58,38183770
GAZP,D,200828,000000,184.96,185.22,182.48,182.9,34291080
GAZP,D,200831,000000,183.12,184.28,180.51,181.01,47459530
GAZP,D,200901,000000,181.4,184.87,181.01,184.22,48007480
GAZP,D,200902,000000,184.8,186.29,181.1,181.95,50239120
GAZP,D,200903,000000,182.4,182.59,178.6,179.13,62908720
GAZP,D,200904,000000,178.98,180.56,178,179.55,43008870
GAZP,D,200907,000000,178.82,179.75,175.94,177.04,38983590
GAZP,D,200908,000000,177,177.43,172.4,172.95,63837660
GAZP,D,200909,000000,172.78,175.35,172.33,173.69,41967040
GAZP,D,200910,000000,173.8,174.64,171.11,173.8,34012170
GAZP,D,200911,000000,174.33,178.27,173.1,178.05,36889720
GAZP,D,200914,000000,178.45,180.8,177.52,178.19,37563920
GAZP,D,200915,000000,178.13,182.95,178.01,182.22,42445100
GAZP,D,200916,000000,182.69,184.16,181.35,183.26,37370250
GAZP,D,200917,000000,181.78,184.84,180.34,183.9,49663210
GAZP,D,200918,000000,184.4,184.7,181.34,181.52,45215700
GAZP,D,200921,000000,181.36,181.36,175.36,177.17,41282960
GAZP,D,200922,000000,176.58,180.9,176.42,179,36380350
GAZP,D,200923,000000,179.81,180.37,176.81,177,31848780
GAZP,D,200924,000000,176,178.49,171.9,174.23,49687540
GAZP,D,200925,000000,175.12,175.17,169.6,173.77,96284070
GAZP,D,200928,000000,174.24,175.38,171.29,172.74,50397970
GAZP,D,200929,000000,172.76,173.47,170,171.44,48779600
GAZP,D,200930,000000,171.02,171.98,169.8,169.97,48605100
GAZP,D,201001,000000,171.18,171.4,167.97,168.4,60296370
GAZP,D,201002,000000,167.5,169.95,167.22,169.47,40191130
GAZP,D,201005,000000,170.12,170.88,168.58,170.64,37393020
GAZP,D,201006,000000,170.7,173.41,170.5,171.35,64082980
GAZP,D,201007,000000,171.75,172.26,167.04,168.23,65800100
GAZP,D,201008,000000,168.18,168.86,166.15,167.43,36621350
GAZP,D,201009,000000,167.8,168.19,165.77,166.97,41514910
GAZP,D,201012,000000,167.66,169.8,166.87,169.05,38899590
GAZP,D,201013,000000,169.13,169.47,165.82,166.37,34687990
GAZP,D,201014,000000,166.61,167.63,165.71,167.24,26679740
GAZP,D,201015,000000,166.85,168.85,166,167.16,39889410
GAZP,D,201016,000000,167.22,167.25,163.56,163.98,50402810
GAZP,D,201019,000000,164.76,165.6,163,163.6,33916860
GAZP,D,201020,000000,163.74,167.12,162.8,166.53,50468030
GAZP,D,201021,000000,166.8,167.3,163.87,164.37,36678920
GAZP,D,201022,000000,163.85,166.53,163.66,165.27,39939480
GAZP,D,201023,000000,165.15,165.88,164.39,164.96,32909950
GAZP,D,201026,000000,164.44,164.96,161.1,162.17,53436340
GAZP,D,201027,000000,162.18,162.62,158.21,159.21,58268970
GAZP,D,201028,000000,158.98,158.99,153.7,154.3,86858100
GAZP,D,201029,000000,155.08,157.3,154.2,156.74,52752800
GAZP,D,201030,000000,155.09,156.2,154.08,154.28,42661020
GAZP,D,201102,000000,153.96,157.98,151.9,157.74,69600850
GAZP,D,201103,000000,158.21,161.92,157.44,161.09,71067000
GAZP,D,201105,000000,163.81,165.25,161.99,163.7,73016160
GAZP,D,201106,000000,163,165.84,161.52,164.92,51633910
GAZP,D,201109,000000,166.72,171.5,164.9,170.13,103358560
GAZP,D,201110,000000,169.03,173.64,167.63,172.92,76531040
GAZP,D,201111,000000,173.5,175.15,170.26,170.53,72020230
GAZP,D,201112,000000,170.2,175.3,169.75,172.91,71917150
GAZP,D,201113,000000,172.88,181.27,172.42,180.3,104602920
GAZP,D,201116,000000,181.02,185.62,180.3,185.32,89217810
GAZP,D,201117,000000,185.1,185.31,178.83,182.9,99307240
GAZP,D,201118,000000,182.26,187.69,180.8,185,69101570
GAZP,D,201119,000000,185.2,185.88,181.92,184.16,53164780
GAZP,D,201120,000000,184.1,184.36,182.1,183.21,31836360
GAZP,D,201123,000000,183.64,185.63,182.77,184.15,41043100
GAZP,D,201124,000000,185.03,187.3,183.97,186.76,60674430
GAZP,D,201125,000000,187.01,188.76,185.85,188.03,51107720
GAZP,D,201126,000000,188.25,189.1,184.6,185.52,45706250
GAZP,D,201127,000000,185.13,186.75,182.56,185.9,49983540
GAZP,D,201130,000000,185.1,185.14,180.04,181.89,73156960
GAZP,D,201201,000000,182.6,188.09,181.78,185.34,67193810
GAZP,D,201202,000000,185,187.24,183.12,187.22,40191320
GAZP,D,201203,000000,186.98,187.58,184.37,185.12,35885290
GAZP,D,201204,000000,186.2,189.42,185.85,188.79,50684840
GAZP,D,201207,000000,188.22,192.85,187.8,190.76,53512780
GAZP,D,201208,000000,190.34,191.45,187.8,190,48382270
GAZP,D,201209,000000,190.3,193.09,189.05,189.35,52678040
GAZP,D,201210,000000,189.55,193.51,188.67,192.95,54318200
GAZP,D,201211,000000,193.05,201.63,192.31,201.5,103060380
GAZP,D,201214,000000,203.5,207.85,198.78,199.91,122788480
GAZP,D,201215,000000,199.01,202.29,197.05,201,65473740
GAZP,D,201216,000000,201.01,206.2,199.54,206.2,75214780
GAZP,D,201217,000000,206.7,215.38,206.51,214.52,159538150
GAZP,D,201218,000000,214,214.5,207.22,212.69,133717910
GAZP,D,201221,000000,209.91,209.99,200.8,203.46,123517830
GAZP,D,201222,000000,200.74,210.68,199.19,208.4,109794540
GAZP,D,201223,000000,209,212.78,206.2,207.63,78877050
GAZP,D,201224,000000,208.54,209.96,203.15,206.24,59081790
GAZP,D,201225,000000,206.2,206.73,204.01,205.03,16517780
GAZP,D,201228,000000,205.53,207.86,205.15,206.11,35038710
GAZP,D,201229,000000,206.95,210,206.61,208.75,42353620
GAZP,D,201230,000000,209.88,213.38,209.5,212.98,74667210
GAZP,D,210104,000000,212.71,216.63,211.64,212.71,55195430
GAZP,D,210105,000000,213.2,215.38,210.22,215.32,48913740
GAZP,D,210106,000000,215.48,216.8,213.07,214.38,47897590
GAZP,D,210108,000000,217.14,226.24,217,225.49,100717800
GAZP,D,210111,000000,225.05,231,221.81,227.6,112506470
GAZP,D,210112,000000,229,231.44,225.66,228.69,64309460
GAZP,D,210113,000000,229.29,230.35,225.2,226.8,61102300
GAZP,D,210114,000000,226.49,229.57,223.2,228.86,60003270
GAZP,D,210115,000000,227.5,230.7,226,226.5,54765970
GAZP,D,210118,000000,225.55,228.5,221.34,226.88,69147920
GAZP,D,210119,000000,227.66,228.85,223,223.15,66619900
GAZP,D,210120,000000,223,225.78,221.55,224.3,51248650
GAZP,D,210121,000000,224.4,224.96,217.22,217.28,76701270
GAZP,D,210122,000000,216.45,216.5,210.5,215.49,94721320
GAZP,D,210125,000000,216.9,219.66,214.53,218.68,74456540
GAZP,D,210126,000000,216.8,220.29,215.71,218.8,45114650
GAZP,D,210127,000000,219.49,222,216.44,217.4,59271760
GAZP,D,210128,000000,215.91,219.49,214.26,217.7,52341000
GAZP,D,210129,000000,216.75,216.75,212.47,212.83,66744580
GAZP,D,210201,000000,214.61,214.87,212.24,214.66,39314420
GAZP,D,210202,000000,215.5,219.74,213.25,214.42,77924880
GAZP,D,210203,000000,215.41,218.42,213.79,218.1,45974890
GAZP,D,210204,000000,218.71,221.4,216.88,219.79,47881150
GAZP,D,210205,000000,220.68,222.21,219,222.01,42127830
GAZP,D,210208,000000,223.06,228,223,228,67144040
GAZP,D,210209,000000,229,229.49,225.8,227.73,60518190
GAZP,D,210210,000000,227.98,228.29,221.8,223.24,41883700
GAZP,D,210211,000000,223.45,223.67,220.73,221.35,34480880
GAZP,D,210212,000000,220.78,227.47,216.77,226.71,69179250
GAZP,D,210215,000000,228.49,230,226.7,229.22,59793600
GAZP,D,210216,000000,229.95,233.22,227.57,232.46,85667580
GAZP,D,210217,000000,232.32,233.35,225.33,229.14,64532970
GAZP,D,210218,000000,228.98,228.98,224.01,224.47,43762150
GAZP,D,210219,000000,224.02,226.26,221.1,226,44854360
GAZP,D,210220,000000,226.35,227.1,225,225.84,6053880
GAZP,D,210222,000000,226.49,227.3,223.04,225.63,31412770
GAZP,D,210224,000000,224.42,225.64,220.85,222.55,40792480
GAZP,D,210225,000000,223.47,225.5,221.22,221.7,42722110
GAZP,D,210226,000000,220.56,221.68,217.2,217.56,63735100
GAZP,D,210301,000000,219.34,222.01,218.25,221.47,28373590
GAZP,D,210302,000000,220,224.11,219.76,222.74,34140160
GAZP,D,210303,000000,224.2,226.79,221.7,222.15,33225100
GAZP,D,210304,000000,221.88,226.69,219.5,221.14,46417010
GAZP,D,210305,000000,222.05,228.42,220.02,227,55786000
GAZP,D,210309,000000,227.51,233.07,226.05,232.1,73759850
GAZP,D,210310,000000,231.83,235.5,230.66,231.69,55372950
GAZP,D,210311,000000,232.83,233.53,230.07,232.47,32131810
GAZP,D,210312,000000,232.01,234.39,230.6,233.8,28819550
GAZP,D,210315,000000,234.98,238.09,234.46,237.79,46121290
GAZP,D,210316,000000,237.3,238.23,233.8,234.02,38029020
GAZP,D,210317,000000,234,234.56,227.21,229.9,62072590
GAZP,D,210318,000000,230.05,231.79,223.7,224.35,67581990
GAZP,D,210319,000000,223.05,226.64,222.37,225.4,58484100
GAZP,D,210322,000000,225.14,225.34,220.79,221.88,58491290
GAZP,D,210323,000000,221.35,224.44,219.81,221.62,43094210
GAZP,D,210324,000000,222.39,225.45,220.53,223.65,36700010
GAZP,D,210325,000000,224.2,225.38,222.7,224.84,29735720
GAZP,D,210326,000000,225.74,227.6,225.13,227.3,26672930
GAZP,D,210329,000000,226.79,229.15,226.31,228.74,23752090
GAZP,D,210330,000000,228.95,230.1,225.04,225.93,26818410
GAZP,D,210331,000000,226.4,228.4,223.32,227.24,38847380
GAZP,D,210401,000000,228.43,231.67,225.75,226.94,43823600
GAZP,D,210402,000000,227,229.2,226.54,228.4,12621010
GAZP,D,210405,000000,227.9,227.92,224.13,225.06,23919530
GAZP,D,210406,000000,226.01,226.55,221.91,222.95,36223380
GAZP,D,210407,000000,222.31,226.01,220.68,224.51,29483660
GAZP,D,210408,000000,224.84,226.3,222.88,224.3,19420190
GAZP,D,210409,000000,224.17,224.3,221.48,222.15,20902100
GAZP,D,210412,000000,220.95,224.25,219.6,222.87,29206290
GAZP,D,210413,000000,223.02,228.33,221.1,227.99,39063400
GAZP,D,210414,000000,230.58,236.58,229.31,235.32,91895500
GAZP,D,210415,000000,230.1,236.39,228.23,234.63,62531120
GAZP,D,210416,000000,235.49,237.45,232.7,235.1,46181390
GAZP,D,210419,000000,234.74,234.9,230.28,231.17,39712830
GAZP,D,210420,000000,231.58,233.17,229,230,43916060
GAZP,D,210421,000000,229.93,231.8,228.37,230.84,35493950
GAZP,D,210422,000000,230.68,232.15,227.14,230.93,60338620
GAZP,D,210423,000000,231.3,233.3,230,232.62,35447230
GAZP,D,210426,000000,233.02,234.91,232.16,233.23,28695180
GAZP,D,210427,000000,233.5,235.14,231.21,232,29275690
GAZP,D,210428,000000,232.55,233.24,230.2,232.96,37443310
GAZP,D,210429,000000,234.08,236.18,229,230.51,55599370
GAZP,D,210430,000000,230.11,231.6,228.86,231.38,32069550
GAZP,D,210504,000000,232.2,234.3,230.96,233.8,37916850
GAZP,D,210505,000000,234.21,237.77,233.69,237.5,38141220
GAZP,D,210506,000000,237.9,243.32,237.75,243,50375470
GAZP,D,210507,000000,243.49,243.99,240.78,241.7,37128000
GAZP,D,210510,000000,242.35,244.3,240.52,241.41,32389560
GAZP,D,210511,000000,240.2,243.17,239.05,242.5,35809800
GAZP,D,210512,000000,242.11,244.42,241.56,241.79,33270270
GAZP,D,210513,000000,242.25,247.29,242.05,247.16,64157170
GAZP,D,210514,000000,248,250.4,247.53,249.55,50267520
GAZP,D,210517,000000,250,255.25,249.45,255.15,41074310
GAZP,D,210518,000000,256.11,268.38,254.54,266.22,86151870
GAZP,D,210519,000000,263.9,264.5,256,260.9,93197170
GAZP,D,210520,000000,260.8,262.78,256.9,259.16,46502970
GAZP,D,210521,000000,260.04,260.7,257.12,258,29037660
GAZP,D,210524,000000,258.69,261.47,257.12,261.24,24616020
GAZP,D,210525,000000,262.33,262.72,258.31,259.79,30568090
GAZP,D,210526,000000,260.52,263.33,260.01,263.09,34571110
GAZP,D,210527,000000,261.98,263.75,261.22,262.96,57534350
GAZP,D,210528,000000,263.79,265.93,261.35,262,35266300
GAZP,D,210531,000000,261,261.6,259.3,261.03,21367010
GAZP,D,210601,000000,261.97,264.76,261.58,263.86,32746740
GAZP,D,210602,000000,264.05,271.36,263.55,271.15,53327960
GAZP,D,210603,000000,272.33,274.3,268.2,272.1,52795050
GAZP,D,210604,000000,271.92,276.22,269.58,274.3,54381240
GAZP,D,210607,000000,274.05,276.7,273.85,275.67,34226150
GAZP,D,210608,000000,275.5,277.58,272.91,275.36,53072570
GAZP,D,210609,000000,275.93,276.39,273.76,275.65,28255880
GAZP,D,210610,000000,275.4,277.77,274.32,276.1,37243570
GAZP,D,210611,000000,276.58,278,274.85,277.05,26611040
GAZP,D,210614,000000,277.62,280.45,277.22,279.5,28175830
GAZP,D,210615,000000,279.92,280.14,272.63,272.72,52220420
GAZP,D,210616,000000,272.99,275.23,270.12,271.8,67245290
GAZP,D,210617,000000,270.9,273.89,269.1,272.5,43611060
GAZP,D,210618,000000,271.61,273.18,268.65,270.06,52681210
GAZP,D,210621,000000,269.77,272.86,268.09,272.62,27431480
GAZP,D,210622,000000,273.52,277,272.89,277,36914430
GAZP,D,210623,000000,277.89,279.56,276.67,277.35,33546790
GAZP,D,210624,000000,278.2,279.47,275.5,277.47,42556030
GAZP,D,210625,000000,277.8,277.92,276.12,277.19,29702030
GAZP,D,210628,000000,277.23,279.61,276.43,276.99,28083560
GAZP,D,210629,000000,276.12,277.5,273.17,276.8,37588780
GAZP,D,210630,000000,277.28,281.82,276.5,281.8,60312970
GAZP,D,210701,000000,281.88,286.25,281.88,285.74,50045350
GAZP,D,210702,000000,285.7,286.19,282.8,285.65,29285170
GAZP,D,210705,000000,286,291.49,285.78,291.1,34201020
GAZP,D,210706,000000,292,295.97,291.34,293.45,80345400
GAZP,D,210707,000000,293.85,297.48,293.47,297.39,67043710
GAZP,D,210708,000000,296.45,297,290.33,292.86,52704630
GAZP,D,210709,000000,293.51,295.58,292,295.22,40962550
GAZP,D,210712,000000,295.53,298.48,294.9,297.39,43336120
GAZP,D,210713,000000,297.77,297.77,293,293.83,49180620
GAZP,D,210714,000000,282.88,286.93,282.88,284.6,52516030
GAZP,D,210715,000000,284.58,285.11,278.96,280.01,41716630
GAZP,D,210716,000000,279.38,282,278,279.65,27958640
GAZP,D,210719,000000,277.26,279.51,273.15,275.51,42536580
GAZP,D,210720,000000,276.79,278.68,273.1,277.3,31024530
GAZP,D,210721,000000,277.54,285.01,276,282.9,41055170
GAZP,D,210722,000000,283.5,285.09,281.21,283.28,40212130
GAZP,D,210723,000000,283.08,285,279.05,279.51,38260370
GAZP,D,210726,000000,277.37,281.37,276.7,281.05,27353690
GAZP,D,210727,000000,280.19,280.83,276.84,278.08,28452110
GAZP,D,210728,000000,278.05,282.98,277.7,282.2,32789740
GAZP,D,210729,000000,283.97,287.75,283.58,287,41127080
GAZP,D,210730,000000,285.37,287.58,283.28,287.35,46696620
GAZP,D,210802,000000,287.88,289.48,285.21,286.75,38297270
GAZP,D,210803,000000,286.77,288.05,284.34,287.09,27065240
GAZP,D,210804,000000,287.89,288.8,286,287.94,23599750
GAZP,D,210805,000000,287.31,288.28,285.16,285.95,47254880
GAZP,D,210806,000000,285.26,285.72,277.87,282.27,90600850
GAZP,D,210809,000000,282.23,287.9,280.8,286.68,68779100
GAZP,D,210810,000000,288,288.8,285.7,288.61,28839550
GAZP,D,210811,000000,288.92,291.49,287.12,290.35,37928360
GAZP,D,210812,000000,290.25,293.81,290.25,293.23,37564370
GAZP,D,210813,000000,292.65,293.9,291.75,292.7,21802270
GAZP,D,210816,000000,291.47,295.48,290.95,295.1,32273890
GAZP,D,210817,000000,295.13,299.5,290.32,298.32,50482060
GAZP,D,210818,000000,299,299.95,295,295.05,35531240
GAZP,D,210819,000000,293.49,294.72,289.68,293.68,55911470
GAZP,D,210820,000000,293.79,294.9,289.5,292.57,38594640
GAZP,D,210823,000000,294.7,297.94,294.1,297.69,38038340
GAZP,D,210824,000000,299,301,295.95,298.7,48940480
GAZP,D,210825,000000,298.71,299.2,294.37,296.7,30906470
GAZP,D,210826,000000,295.92,295.97,293.04,294.34,24990510
GAZP,D,210827,000000,295.81,300,294.81,299.66,34063060
GAZP,D,210830,000000,301.66,305.5,299.97,305.17,69849150
GAZP,D,210831,000000,305.83,307.67,304.1,305.65,64318080
GAZP,D,210901,000000,306.6,313.95,306.19,312.89,79410570
GAZP,D,210902,000000,313.59,314.8,310.3,312.3,53349820
GAZP,D,210903,000000,312.7,317.96,311.16,317.94,63637790
GAZP,D,210906,000000,319,329.35,318.6,328.93,80141350
GAZP,D,210907,000000,329.95,333,325.5,327.73,71864800
GAZP,D,210908,000000,328.49,328.5,322.22,327.6,58765620
GAZP,D,210909,000000,326,328.14,323.5,324.57,40361580
GAZP,D,210910,000000,326.55,330,325.5,326.43,41425440
GAZP,D,210913,000000,327.52,333,327.3,332.75,55356420
GAZP,D,210914,000000,333.13,339.92,332.36,338.98,97138220
GAZP,D,210915,000000,339.39,344.2,337.72,343.34,108811990
GAZP,D,210916,000000,342,342.99,337.03,338.5,94713520
GAZP,D,210917,000000,338.83,339.29,333.3,334.5,61454980
GAZP,D,210920,000000,329.97,332,321.26,325.7,72882270
GAZP,D,210921,000000,328.7,336.78,328.44,335.3,77355030
GAZP,D,210922,000000,338.4,341.49,337.4,340.59,60974110
GAZP,D,210923,000000,342,345.2,339.43,343.47,63445330
GAZP,D,210924,000000,343.67,344.9,340,344.29,40071320
GAZP,D,210927,000000,347.52,355.19,347,355.19,80950780
GAZP,D,210928,000000,359,361.8,353.68,354.07,93838880
GAZP,D,210929,000000,354.05,360.94,352.3,360.88,60144670
GAZP,D,210930,000000,363.26,364.53,359.53,360.8,69876200
GAZP,D,211001,000000,358.45,363.78,356,363.25,47529090
GAZP,D,211004,000000,364.67,378.33,364.3,376.06,102227330
GAZP,D,211005,000000,378.06,389.82,378.03,389.82,134521820
GAZP,D,211006,000000,394.98,397.64,370.25,381.3,216137070
GAZP,D,211007,000000,382.18,384.3,361.61,370.7,160398770
GAZP,D,211008,000000,371.5,373,364.77,366.17,70161810
GAZP,D,211011,000000,369,372.61,363.7,369.81,77995010
GAZP,D,211012,000000,367.26,368.85,362.25,364.1,56619460
GAZP,D,211013,000000,365.24,365.44,352.71,362.77,102086460
GAZP,D,211014,000000,366.4,369.7,364.35,367,59659170
GAZP,D,211015,000000,368.31,369.35,366.61,367.76,35816900
GAZP,D,211018,000000,365.01,366.45,360.15,363.5,42945850
GAZP,D,211019,000000,364.98,368.83,362.24,368.83,51429080
GAZP,D,211020,000000,367.9,370.75,365.5,369.97,39435100
GAZP,D,211021,000000,368,370.19,360.88,363.37,46351220
GAZP,D,211022,000000,361.38,364.19,357.48,358.12,48056440
GAZP,D,211025,000000,359.99,365.84,356.69,364.84,57268410
GAZP,D,211026,000000,365.04,369.33,362.54,364.82,51713180
GAZP,D,211027,000000,363.27,365.49,361.18,362.17,30579360
GAZP,D,211028,000000,360.96,362.02,351.62,353.21,86476220
GAZP,D,211029,000000,351.1,352.6,345.4,350.18,74862900
GAZP,D,211101,000000,350.3,359.3,350.3,359.1,46460760
GAZP,D,211102,000000,359.16,360,351.24,352.48,42925940
GAZP,D,211103,000000,350.55,353.86,346.62,353.02,37782790
GAZP,D,211105,000000,352,354.8,349.23,350.6,25553970
GAZP,D,211108,000000,353,356.34,348.34,351.47,39731410
GAZP,D,211109,000000,351.06,353.61,346.99,349.46,31015520
GAZP,D,211110,000000,349.87,351.25,344.2,345.8,35456770
GAZP,D,211111,000000,346.94,348.43,343.8,347.44,40212180
GAZP,D,211112,000000,346.84,347.15,331,333.6,127163510
GAZP,D,211115,000000,333.81,341.81,333.67,340.3,64140420
GAZP,D,211116,000000,341.48,342.85,331.61,336.79,64616650
GAZP,D,211117,000000,336,351.82,334.83,349.98,79007960
GAZP,D,211118,000000,350.05,359.32,342.28,345.56,101979450
GAZP,D,211119,000000,348.27,350.73,334.2,337.62,95994240
GAZP,D,211122,000000,334.99,335.68,316.66,319.2,151300550
GAZP,D,211123,000000,316.45,341.77,310.62,341.77,150432770
GAZP,D,211124,000000,343.87,348,332.75,338.3,93592790
GAZP,D,211125,000000,340,343,335.7,337.55,48702100
GAZP,D,211126,000000,325,332,320.1,326,103502140
GAZP,D,211129,000000,335,345.33,331.96,339.2,99152930
GAZP,D,211130,000000,332.48,342.55,331.5,334.24,130276980
GAZP,D,211201,000000,338.57,350.37,337.61,345.21,92906220
GAZP,D,211202,000000,347.3,352.67,344.8,350.3,75360830
GAZP,D,211203,000000,351.5,353.13,343.21,345.99,51627900
GAZP,D,211206,000000,347.27,349.36,333.35,338.94,70924550
GAZP,D,211207,000000,339.25,346,333.43,344.96,75507480
GAZP,D,211208,000000,346,348.47,336.53,340.5,78321390
GAZP,D,211209,000000,341.45,344.2,335.72,336.6,61406510
GAZP,D,211210,000000,337.02,338.31,329.98,332,44642520
GAZP,D,211213,000000,333.09,334.88,305.76,307.26,140577980
GAZP,D,211214,000000,306.99,320,289.78,319.35,168672960
GAZP,D,211215,000000,319.65,325.83,316.5,324.09,79742820
GAZP,D,211216,000000,326.18,332.3,325.38,328.39,95469330
GAZP,D,211217,000000,327.98,329.7,323.03,327.3,72099410
GAZP,D,211220,000000,324,326,316.11,325.9,70795770
GAZP,D,211221,000000,326.75,339.88,326.5,339.88,80061070
GAZP,D,211222,000000,340.01,349.59,339.29,345.55,96809420
GAZP,D,211223,000000,346.1,348.32,337,339.81,72129000
GAZP,D,211224,000000,339.3,340.98,334.55,338.79,39005950
GAZP,D,211227,000000,339.68,343.97,339.33,343.97,29925890
GAZP,D,211228,000000,344.04,346.6,342.55,343.23,34848840
GAZP,D,211229,000000,343.3,344.48,337.13,340.33,43005060
GAZP,D,211230,000000,340.75,344,337.4,342.39,40853240
GAZP,D,220103,000000,345.01,353.88,344.3,353.73,40057980
GAZP,D,220104,000000,353.99,358.1,348.35,352.55,52693510
GAZP,D,220105,000000,351.9,353.5,331.55,335,80969440
GAZP,D,220106,000000,335.8,347.67,330.11,346.13,74572470
GAZP,D,220110,000000,348.33,351,340.51,344,51047490
GAZP,D,220111,000000,344.68,347,341.27,343.74,41961140
GAZP,D,220112,000000,344.11,348.64,339.57,347.43,53443260
GAZP,D,220113,000000,347.11,347.5,333.49,337.6,118257640
GAZP,D,220114,000000,338.59,340.96,321.51,335.76,120546960
GAZP,D,220117,000000,335.91,338.95,319.17,327.81,96925780
GAZP,D,220118,000000,329.15,329.3,296.7,301.11,220096130
GAZP,D,220119,000000,300,320.42,282.72,318.36,220036310
GAZP,D,220120,000000,318.36,326.69,310.07,310.42,130261430
GAZP,D,220121,000000,309.49,321.99,303.5,311.6,119002830
GAZP,D,220124,000000,310.78,314,280.6,294.59,236346280
GAZP,D,220125,000000,293.9,305,289.62,302.96,143155040
GAZP,D,220126,000000,302.9,307.7,293.7,299.6,125060870
GAZP,D,220127,000000,296.85,330,294,325.25,216008170
GAZP,D,220128,000000,325.51,334.9,322.05,329.58,116166660
GAZP,D,220131,000000,330.92,336.41,330.52,334.8,69903820
GAZP,D,220201,000000,334.94,336.63,325.3,330.95,67998200
GAZP,D,220202,000000,332.39,333.7,325.7,331.7,54751740
GAZP,D,220203,000000,329.99,331,322.3,323.75,57592210
GAZP,D,220204,000000,325.5,334.5,320.88,324.6,88647300
GAZP,D,220207,000000,324.53,327.44,316.64,321.25,56290530
GAZP,D,220208,000000,321.45,331.87,319,331.7,77965300
GAZP,D,220209,000000,332.3,336,330.18,335.08,63254680
GAZP,D,220210,000000,335.41,335.47,328.1,328.93,61929870
GAZP,D,220211,000000,328.95,328.95,316.2,318.1,100750430
GAZP,D,220214,000000,314.1,324.9,303.25,321.85,121203060
GAZP,D,220215,000000,322.5,335.5,322.44,333.6,96875770
GAZP,D,220216,000000,335.86,339.98,331.62,336.5,77128130
GAZP,D,220217,000000,336.36,336.36,322.04,323.51,102149710
GAZP,D,220218,000000,325.6,329.32,306.7,309.48,125452970
GAZP,D,220221,000000,309.47,318.9,241,257.3,413243360
GAZP,D,220222,000000,253.95,284.07,246.7,283.51,324922990
GAZP,D,220224,000000,255.02,255.02,126.53,210,413550130
GAZP,D,220225,000000,208.01,244.94,191.6,228,211877250
GAZP,D,220324,000000,251.41,278.9,232,258.51,78576580
GAZP,D,220325,000000,263.99,269.33,225.6,227,67191030
GAZP,D,220328,000000,225.25,229.45,213.03,218.6,24680170
GAZP,D,220329,000000,220,226,206,208,40309120
GAZP,D,220330,000000,211.02,219.41,210.52,216,38559960
GAZP,D,220331,000000,218.98,249,217.1,242.48,83862320
GAZP,D,220401,000000,245.9,258.7,242.48,251.4,50423650
GAZP,D,220404,000000,254.04,259.99,237.31,252.9,40926330
GAZP,D,220405,000000,254.01,256.39,231.45,243.5,39850580
GAZP,D,220406,000000,238.73,247.8,234.41,239.7,20530890
GAZP,D,220407,000000,240.04,246.8,239.13,245,22367990
GAZP,D,220408,000000,246.79,246.79,240,241.07,14799110
GAZP,D,220411,000000,241.9,242.78,234.16,234.55,15637750
GAZP,D,220412,000000,234,236.63,223,236.3,26615790
GAZP,D,220413,000000,237.99,239.64,232.13,234.87,12663510
GAZP,D,220414,000000,234.9,235.5,221.1,222.11,21906730
GAZP,D,220415,000000,221.99,226.65,215.74,224,19933030
GAZP,D,220418,000000,224.29,226,216.6,216.99,15584460
GAZP,D,220419,000000,216.9,222,207,220.72,30669110
GAZP,D,220420,000000,221.43,229.84,215.63,218.92,33569140
GAZP,D,220421,000000,220.03,221,210.29,210.29,24292390
GAZP,D,220422,000000,210.5,215,207.01,208,28717940
GAZP,D,220425,000000,209.95,209.95,201.12,206.35,18767820
GAZP,D,220426,000000,207.97,229.74,206.54,225.85,46484770
GAZP,D,220427,000000,226.04,237.5,221.61,237.15,48219530
GAZP,D,220428,000000,239.4,249,235.5,237.53,68889640
GAZP,D,220429,000000,238.58,245.43,238,240.4,43392920
GAZP,D,220504,000000,241.01,244.39,233.12,234.16,20919150
GAZP,D,220505,000000,235.58,239.4,235.08,238.6,14781210
GAZP,D,220506,000000,238.5,242.92,235.1,240.1,17969460
GAZP,D,220511,000000,239.77,243.35,237.58,241.99,16477840
GAZP,D,220512,000000,241.88,241.89,227.22,230.56,24397760
GAZP,D,220513,000000,232.12,237.2,229.02,235.52,17291690
GAZP,D,220516,000000,234.99,246.95,233.11,244.2,28222680
GAZP,D,220517,000000,246.02,260,245.3,258.8,59981560
GAZP,D,220518,000000,261.02,269.42,261,264.84,51077950
GAZP,D,220519,000000,268,269.78,262.65,266.68,24769920
GAZP,D,220520,000000,268.46,268.9,260.41,263,27534560
GAZP,D,220523,000000,265.44,273,263,263,30528440
GAZP,D,220524,000000,262.99,267.29,250.4,265.8,52284340
GAZP,D,220525,000000,268.4,271.66,263.8,271.4,37448790
GAZP,D,220526,000000,273,298.31,245,295.89,146238060
GAZP,D,220527,000000,300,305,293.53,294.5,53491660
GAZP,D,220530,000000,298.64,302,296.28,300.8,30751410
GAZP,D,220531,000000,301.87,302,293.51,293.75,19483010
GAZP,D,220601,000000,293.51,299.5,290.25,297.69,22504010
GAZP,D,220602,000000,297.7,299.33,294.9,296,16674500
GAZP,D,220603,000000,296.1,297.24,291,297,18742740
GAZP,D,220606,000000,298,299,295.12,296.5,14699600
GAZP,D,220607,000000,297.37,298.69,294.52,297.99,15656500
GAZP,D,220608,000000,298.8,309.6,298.16,308,40345320
GAZP,D,220609,000000,309.97,310.52,303.2,306.5,26287360
GAZP,D,220610,000000,306.48,310.98,305.06,309.2,20321460
GAZP,D,220614,000000,308.98,322.77,307,317.69,47441270
GAZP,D,220615,000000,318.99,322.99,314.11,316.2,33652300
GAZP,D,220616,000000,316.55,318.25,314.5,316.99,23466240
GAZP,D,220617,000000,317.58,317.7,313.5,315.5,13072610
GAZP,D,220620,000000,316.07,318,311,311.98,21010920
GAZP,D,220621,000000,312.31,312.86,300.77,301.58,50618050
GAZP,D,220622,000000,300.1,301.91,294.36,295.8,48668440
GAZP,D,220623,000000,295.81,304.6,291.1,303.5,46696840
GAZP,D,220624,000000,304.1,307.45,295.55,296,35835180
GAZP,D,220627,000000,296,299.8,295.1,296.2,22091320
GAZP,D,220628,000000,296.8,303.88,293.22,297.2,39920600
GAZP,D,220629,000000,297.91,300.78,293.8,297.65,34110040
GAZP,D,220630,000000,299.6,310.82,200,207,307937340
GAZP,D,220701,000000,200.84,201.85,186.2,192.5,113621040
GAZP,D,220704,000000,191.98,195.44,181.2,186.25,82829080
GAZP,D,220705,000000,186.3,199.87,185.2,197.3,75951460
GAZP,D,220706,000000,197.78,205.78,194.44,195.42,82287890
GAZP,D,220707,000000,195.45,199.47,192.36,197.92,43640940
GAZP,D,220708,000000,200.01,201.87,196.57,198,28708030
GAZP,D,220711,000000,198.01,199.43,188.79,188.9,46480130
GAZP,D,220712,000000,189.18,193,184,191.4,46422510
GAZP,D,220713,000000,191.2,194,185.3,186,33168820
GAZP,D,220714,000000,186.3,188.1,183.11,184.55,29072130
GAZP,D,220715,000000,184.7,188.9,183.22,187.61,22991690
GAZP,D,220718,000000,188.91,189.5,185.52,186.7,16920940
GAZP,D,220719,000000,186.1,189.6,184.6,189.51,22570310
GAZP,D,220720,000000,190.01,195.8,190,193.3,43995650
GAZP,D,220721,000000,194.65,195.45,188,189.59,27751520
GAZP,D,220722,000000,189.3,192.95,188.6,192.25,17804370
GAZP,D,220725,000000,192.61,194.65,190.56,192,22091280
GAZP,D,220726,000000,192,194.49,191.2,193.95,19947370
GAZP,D,220727,000000,194.51,197.5,194.1,196.49,28307100
GAZP,D,220728,000000,198.03,198.79,195,196.25,21848760
GAZP,D,220729,000000,196.2,196.8,193.5,195.26,14108820
GAZP,D,220801,000000,194.5,194.69,192,192,13034930
GAZP,D,220802,000000,191.56,191.68,186.8,187.16,24267570
GAZP,D,220803,000000,187.59,188.97,186.31,187.04,12005960
GAZP,D,220804,000000,187.04,187.22,184.3,184.9,13313950
GAZP,D,220805,000000,184.75,185.62,175.75,176.58,49069120
GAZP,D,220808,000000,180,181.82,177.25,177.86,32498370
GAZP,D,220809,000000,178.01,181.38,175.2,181.04,24395270
GAZP,D,220810,000000,181.03,182.33,178.53,178.81,20411200
GAZP,D,220811,000000,179.47,180.63,173.51,174.1,26740660
GAZP,D,220812,000000,174.5,175.88,172.29,174.36,20387000
GAZP,D,220815,000000,174.06,175.5,172.4,174.8,18459840
GAZP,D,220816,000000,175.4,181.61,174.7,181.3,33028840
GAZP,D,220817,000000,181.9,182.49,176.4,176.5,24163520
GAZP,D,220818,000000,176.4,179.37,175.5,178.87,16013520
GAZP,D,220819,000000,178.78,178.9,176.6,177.6,9186770
GAZP,D,220822,000000,177.4,182.2,176.88,181.7,22743510
GAZP,D,220823,000000,182.28,185.8,182.1,184.3,26881370
GAZP,D,220824,000000,184.69,186.66,182.19,182.83,17546040
GAZP,D,220825,000000,183.01,184.6,180.8,181.9,14878330
GAZP,D,220826,000000,181.8,184.2,180.5,183.62,12987730
GAZP,D,220829,000000,183.14,190,182.65,190,30524050
GAZP,D,220830,000000,190.45,204.2,190.45,204,112456600
GAZP,D,220831,000000,241.82,275.96,241.82,254.9,239153230
GAZP,D,220901,000000,258,259.85,247.62,249.11,83245830
GAZP,D,220902,000000,249.67,253.95,246.22,252.8,37717530
GAZP,D,220905,000000,251,252.11,248.55,250,30105590
GAZP,D,220906,000000,249.99,250.2,241,246,51474990
GAZP,D,220907,000000,245.8,245.8,241.55,241.55,31427210
GAZP,D,220908,000000,241.55,245.3,237.84,243.95,39048150
GAZP,D,220909,000000,244.41,247.2,242.16,245.34,27159830
GAZP,D,220912,000000,243.98,247,241.06,243.3,31161380
GAZP,D,220913,000000,243.9,245.29,241.8,242.64,21615440
GAZP,D,220914,000000,242.29,243.39,240,243.32,19813560
GAZP,D,220915,000000,243.33,244.3,241.91,243.68,22149890
GAZP,D,220916,000000,243.67,248.2,241.83,243.8,37338570
GAZP,D,220919,000000,243.2,245.91,242.71,244.21,21276160
GAZP,D,220920,000000,242.35,243.45,200.01,221.15,212899230
GAZP,D,220921,000000,196.49,218.78,192,214.07,98217480
GAZP,D,220922,000000,215.18,237.77,215.18,231.45,126395250
GAZP,D,220923,000000,233.4,234.5,222.22,224.84,62751550
GAZP,D,220926,000000,219.87,221.9,200.62,206,103489990
GAZP,D,220927,000000,211.2,217.36,207.12,217.3,81170240
GAZP,D,220928,000000,216.97,223.7,208.66,217.38,83279880
GAZP,D,220929,000000,219.5,226.8,210.51,226.46,70015930
GAZP,D,220930,000000,231.68,238.72,189.42,217.7,245511710
GAZP,D,221003,000000,219,220.55,213.63,215.83,50567310
GAZP,D,221004,000000,216.49,216.7,208.8,210.72,49717960
GAZP,D,221005,000000,211.46,211.49,202.85,209.05,53159360
GAZP,D,221006,000000,210.02,216.88,209.06,212.86,51618400
GAZP,D,221007,000000,212.84,212.84,195.01,195.15,101491840
GAZP,D,221010,000000,164.98,166,137.1,163.89,116857160
GAZP,D,221011,000000,163.9,165.2,159.62,162.89,33206270
GAZP,D,221012,000000,163.5,164,160.31,161.8,18161310
GAZP,D,221013,000000,161.67,162.45,159.48,160.84,19824510
GAZP,D,221014,000000,161.02,161.16,158.64,159.6,15371250
GAZP,D,221017,000000,159.95,163.8,159.6,163.24,26789710
GAZP,D,221018,000000,163.96,164.64,159.1,160.2,20696090
GAZP,D,221019,000000,159.31,161.5,157.4,161.29,23579940
GAZP,D,221020,000000,161.69,162.48,160.15,160.75,14349680
GAZP,D,221021,000000,159.99,169.96,159.03,166.99,35497600
GAZP,D,221024,000000,167.9,168.88,164.82,165.47,25842880
GAZP,D,221025,000000,166,174.69,164.22,172.38,47557000
GAZP,D,221026,000000,173.31,173.42,168.7,171.98,34526830
GAZP,D,221027,000000,172.5,173.98,171.3,172.47,23281230
GAZP,D,221028,000000,171.99,172.35,169.41,170.73,29704580
GAZP,D,221031,000000,170.74,171.5,169.21,170.27,15987960
GAZP,D,221101,000000,170.89,171.29,169.75,169.92,16772810
GAZP,D,221102,000000,169.99,170.45,167.1,167.72,18450560
GAZP,D,221103,000000,167.1,169.65,166.68,169.14,18086420
GAZP,D,221107,000000,171.02,171.59,169.52,169.85,21765300
GAZP,D,221108,000000,170.05,172,169.17,169.97,25244620
GAZP,D,221109,000000,169.84,170.32,166.15,167.1,19082490
GAZP,D,221110,000000,167.5,170.18,167.18,168.9,23909580
GAZP,D,221111,000000,169.29,170.6,167.51,169.86,16579520
GAZP,D,221114,000000,170.83,171.92,166.51,169.6,30006030
GAZP,D,221115,000000,171.1,171.3,161.79,166.25,32944690
GAZP,D,221116,000000,166.75,169.15,166.62,168.76,14010380
GAZP,D,221117,000000,168.81,169.8,168.01,168.99,10907230
GAZP,D,221118,000000,169.2,169.25,167.51,168.79,10088970
GAZP,D,221121,000000,168.6,168.67,167,168.13,10275320
GAZP,D,221122,000000,167.89,168.5,167.45,168.08,9940350
GAZP,D,221123,000000,168.25,170.6,167.5,169.15,18356940
GAZP,D,221124,000000,169.41,170.87,168.6,168.96,10795920
GAZP,D,221125,000000,169.2,169.53,168.1,169.03,10156450
GAZP,D,221128,000000,167.95,168.67,167.52,168.1,9481790
GAZP,D,221129,000000,168.57,169,167.92,168.1,9784640
GAZP,D,221130,000000,167.98,168.19,167.6,167.7,11821140
GAZP,D,221201,000000,168,168.76,166.31,166.98,11949730
GAZP,D,221202,000000,167,167.19,164.18,165.86,20370600
GAZP,D,221205,000000,165.58,167.2,164.58,165.03,12255370
GAZP,D,221206,000000,165.03,165.68,163.12,164.3,13466500
GAZP,D,221207,000000,164.28,164.33,162.7,163.7,11210710
GAZP,D,221208,000000,163.67,163.99,162.71,163,8836290
GAZP,D,221209,000000,163,163.48,162.4,162.75,8304900
GAZP,D,221212,000000,163.24,163.81,161.85,162.89,13133750
GAZP,D,221213,000000,162.98,163.44,162,162.4,8460120
GAZP,D,221214,000000,162.21,162.49,160.25,160.74,13878450
GAZP,D,221215,000000,160.75,161.25,157.72,160.31,22006180
GAZP,D,221216,000000,160.3,162.48,159.95,160.24,13711020
GAZP,D,221219,000000,159.91,160.12,157,157.61,19274460
GAZP,D,221220,000000,157.48,159.45,157.38,158.94,15640340
GAZP,D,221221,000000,159.44,160,156.5,157.59,16484550
GAZP,D,221222,000000,157.7,159,157.12,157.95,10548120
GAZP,D,221223,000000,157.96,162.5,157.22,160.89,23289210
GAZP,D,221226,000000,161.74,163.1,160.8,162.12,15107620
GAZP,D,221227,000000,162.42,164.98,161.98,164.07,20324380
GAZP,D,221228,000000,164.22,164.79,161.81,161.82,13592880
GAZP,D,221229,000000,161.8,163.38,161.74,162.91,9204120
GAZP,D,221230,000000,162.91,164,161.8,162.56,11637250
GAZP,D,230103,000000,163.02,164.36,162.33,163.52,6366490
GAZP,D,230104,000000,163.46,163.46,162.06,162.51,6656380
GAZP,D,230105,000000,162.51,162.85,160.71,161.2,7599140
GAZP,D,230106,000000,161.2,162.59,161.1,162.1,5240800
GAZP,D,230109,000000,162.98,163.49,161.88,162.71,9706960
GAZP,D,230110,000000,162.72,162.98,161.44,162.1,7342060
GAZP,D,230111,000000,162.09,167.19,161.7,165.83,25239300
GAZP,D,230112,000000,165.71,165.79,163.75,164.17,11337740
GAZP,D,230113,000000,164.3,165.73,163.5,164.56,12244240
GAZP,D,230116,000000,165.1,166.8,164.9,165.8,14664800
GAZP,D,230117,000000,165.82,165.92,162,162.33,18054520
GAZP,D,230118,000000,162.53,163.96,160.81,162.18,14445400
GAZP,D,230119,000000,161.98,162.49,160.01,160.53,15603390
GAZP,D,230120,000000,160.6,161.45,158.55,158.85,16500690
GAZP,D,230123,000000,158.9,160.49,158.2,160.06,15042680
GAZP,D,230124,000000,160.22,160.83,157.44,157.88,16613760
GAZP,D,230125,000000,157.9,159.13,156.71,158.99,15559500
GAZP,D,230126,000000,159.14,159.43,157.13,157.58,12370220
GAZP,D,230127,000000,157.59,159.33,156.91,159.08,12287180
GAZP,D,230130,000000,159.09,159.67,157.7,158.41,10696630
GAZP,D,230131,000000,158.41,160,158,158.1,15118140
GAZP,D,230201,000000,158.34,158.66,157.54,158.12,14197160
GAZP,D,230202,000000,158.35,158.59,157.31,158.1,11959060
GAZP,D,230203,000000,158.05,163.96,156.76,160.87,69499700
GAZP,D,230206,000000,160.7,161.76,158.91,160.14,28018270
GAZP,D,230207,000000,160.47,161.35,159.51,159.87,13928790
GAZP,D,230208,000000,160.07,160.42,157.82,158.18,16663910
GAZP,D,230209,000000,158.5,160.44,157.6,159.19,27640740
GAZP,D,230210,000000,159.05,159.46,158.32,158.68,9833880
GAZP,D,230213,000000,159.45,159.47,158,158.01,11302230
GAZP,D,230214,000000,157.98,158.1,155.13,156.52,18579460
GAZP,D,230215,000000,156.06,156.07,150.6,153.09,27517910
GAZP,D,230216,000000,154.04,154.5,151.62,153.56,17282360
GAZP,D,230217,000000,153.39,155.08,152.83,153.62,13247310
GAZP,D,230220,000000,153.63,154.3,151.62,153.24,15286620
GAZP,D,230221,000000,153.62,156.43,153.62,154.97,21377910
GAZP,D,230222,000000,154.85,156.4,153.5,155.31,11636880
GAZP,D,230224,000000,155.52,156.98,153.72,154.22,9964650
GAZP,D,230227,000000,153.9,157.3,153.5,156.34,17065610
GAZP,D,230228,000000,156.41,158.09,155.56,157.66,18405580
GAZP,D,230301,000000,158,164.56,157.99,164.5,67692980
GAZP,D,230302,000000,164.15,164.34,159.5,160.9,53089640
GAZP,D,230303,000000,161.2,163.3,160.9,162.27,21275460
GAZP,D,230306,000000,163.2,164.3,162.52,163.35,19403570
GAZP,D,230307,000000,163.75,163.85,162,162.57,13838340
GAZP,D,230309,000000,162.22,163.18,161.12,161.21,13924340
GAZP,D,230310,000000,160.5,161.29,159.51,160.04,17122900
GAZP,D,230313,000000,160.35,161.62,158.3,159.03,20191630
GAZP,D,230314,000000,158.89,161.4,158.55,161,17487600
GAZP,D,230315,000000,161.5,162.48,158.05,159.68,24880090
GAZP,D,230316,000000,159.81,160.83,158.5,159.71,20909390
GAZP,D,230317,000000,160.19,164.41,159.85,163.29,41646910
GAZP,D,230320,000000,164.34,176.86,164.14,175.7,127825560
GAZP,D,230321,000000,176,177.25,168.66,170.55,107145180
GAZP,D,230322,000000,170,171.38,167.7,168.72,38726040
GAZP,D,230323,000000,168.72,169.71,167.82,168.84,18693600
GAZP,D,230324,000000,169.12,169.49,168.01,169.03,14753150
GAZP,D,230327,000000,170.16,173.25,169.74,172.33,35848790
GAZP,D,230328,000000,172.9,172.92,169.1,171.07,27017460
GAZP,D,230329,000000,171.57,172.5,169.41,170.95,22407700
GAZP,D,230330,000000,170.76,171.8,170.02,171.71,14686140
GAZP,D,230331,000000,172,172.71,168.14,169.83,31308340
GAZP,D,230403,000000,170.98,171.5,169,170.38,22589900
GAZP,D,230404,000000,170.99,176,170.14,172.55,73142470
GAZP,D,230405,000000,172.55,174.48,170.58,173.86,32845910
GAZP,D,230406,000000,174.02,175,171.3,171.6,30208000
GAZP,D,230407,000000,171.51,173.18,171.29,173.09,17663050
GAZP,D,230410,000000,173.58,175.2,173.23,174.54,23255110
GAZP,D,230411,000000,175.45,182.5,175.2,177.18,118049930
GAZP,D,230412,000000,178.3,179.78,175.55,178.75,37304200
GAZP,D,230413,000000,179.1,180.59,176.8,178.73,30746270
GAZP,D,230414,000000,179.01,180.1,177.1,179.5,20334900
GAZP,D,230417,000000,180.78,182.15,180.08,181.99,28588810
GAZP,D,230418,000000,182.31,184.97,182,184.39,41445490
GAZP,D,230419,000000,184.3,185.32,180.3,182.01,47887740
GAZP,D,230420,000000,182.04,182.72,178.64,181.74,38589720
GAZP,D,230421,000000,181.99,183.49,181.21,181.72,20901740
GAZP,D,230424,000000,181.4,183.88,170.63,181.56,44127930
GAZP,D,230425,000000,181.5,182.11,178,178.93,29237670
GAZP,D,230426,000000,179.05,179.84,178.03,178.38,16580980
GAZP,D,230427,000000,178.23,184.87,177.62,183.95,49246900
GAZP,D,230428,000000,184.39,185,179.64,181.13,38771730
GAZP,D,230502,000000,181.01,181.86,175.8,177.97,33059500
GAZP,D,230503,000000,177.75,177.79,172.15,172.87,37646830
GAZP,D,230504,000000,173.29,174.24,172.01,173.66,20437970
GAZP,D,230505,000000,173.66,175.48,171.16,172.09,22672500
GAZP,D,230508,000000,172.61,172.91,170.65,170.84,11426650
GAZP,D,230510,000000,171.29,176.74,171.12,175.53,50901940
GAZP,D,230511,000000,176.16,178.11,171.61,174.13,50308880
GAZP,D,230512,000000,174.29,175,172.61,173.95,23410060
GAZP,D,230515,000000,174.68,179.83,173.2,179.04,56084500
GAZP,D,230516,000000,179.9,181.8,176.73,177.05,50902520
GAZP,D,230517,000000,176.9,178.38,174.72,176.3,36872580
GAZP,D,230518,000000,176.45,177.62,174.6,175.26,33995920
GAZP,D,230519,000000,174.94,175.09,172.86,174.43,31770840
GAZP,D,230522,000000,175.23,175.5,170.85,172.47,43798910
GAZP,D,230523,000000,172.8,179.6,165.1,166.59,180700580
GAZP,D,230524,000000,165.52,166.3,161.84,162.96,65676280
GAZP,D,230525,000000,162.99,163,160.47,162.3,39317560
GAZP,D,230526,000000,162.01,165.4,161.69,164.48,37620060
GAZP,D,230529,000000,165.9,167.05,162.45,163.6,33787460
GAZP,D,230530,000000,162.15,165.4,161.5,161.9,40493030
GAZP,D,230531,000000,161.51,163.3,160.9,162.94,22953300
GAZP,D,230601,000000,162.88,163.47,161.5,161.55,18685930
GAZP,D,230602,000000,161.42,163.4,161.1,162.58,16747210
GAZP,D,230605,000000,162.58,164.6,161.6,162.47,29540180
GAZP,D,230606,000000,162.19,163.85,161.69,163.16,18258170
GAZP,D,230607,000000,163.24,165.87,162.67,164.65,32410480
GAZP,D,230608,000000,164.69,166.6,164.14,166.18,21594140
GAZP,D,230609,000000,166.48,167.81,164.94,165.58,20692240
GAZP,D,230613,000000,165.65,168.54,165.65,168.43,23177410
GAZP,D,230614,000000,168.64,169.38,167.01,167.88,18693460
GAZP,D,230615,000000,168.04,172,166.66,171.86,45098230
GAZP,D,230616,000000,171.85,172.46,169.22,169.87,25264320
GAZP,D,230619,000000,170.26,171.5,168.3,170.19,23426210
GAZP,D,230620,000000,170.06,170.97,168.42,169.64,18378730
GAZP,D,230621,000000,170.17,171.78,169.16,170.2,19171590
GAZP,D,230622,000000,170.06,170.55,167.73,168.41,17226270
GAZP,D,230623,000000,168.19,168.94,165.21,165.8,31186940
GAZP,D,230626,000000,167.54,168.6,165,166.91,27621220
GAZP,D,230627,000000,167.44,167.45,166,166.45,13916850
GAZP,D,230628,000000,166.7,168.64,166.05,168.05,16785860
GAZP,D,230629,000000,168.08,169.89,167.5,167.88,18349390
GAZP,D,230630,000000,167.2,167.7,166.3,166.86,15553610
GAZP,D,230703,000000,167.28,167.8,166.7,166.82,10659530
GAZP,D,230704,000000,166.89,167,165.26,165.5,14883150
GAZP,D,230705,000000,166.03,166.65,165.02,165.71,14556240
GAZP,D,230706,000000,166.01,167.28,165.91,166.36,15350100
GAZP,D,230707,000000,166.5,166.81,165.8,166.34,10239310
GAZP,D,230710,000000,167.6,168.75,166.93,167.59,19389130
GAZP,D,230711,000000,167.69,169,167.12,168.85,16259520
GAZP,D,230712,000000,168.99,170.79,168.93,170.3,24532220
GAZP,D,230713,000000,170.54,170.93,168.12,168.96,19885990
GAZP,D,230714,000000,168.56,170,168.3,169.7,12040500
GAZP,D,230717,000000,169.01,171.6,168.61,170.63,24496770
GAZP,D,230718,000000,171.01,175.27,170.67,174.89,47496860
GAZP,D,230719,000000,175.49,175.7,172.51,173.04,32386340
GAZP,D,230720,000000,172.68,173.19,168.55,169.92,29107570
GAZP,D,230721,000000,170.35,171.97,169.77,171.19,16784020
GAZP,D,230724,000000,171.32,172.5,170.69,171.98,15232450
GAZP,D,230725,000000,172.2,172.7,171.4,171.86,13962990
GAZP,D,230726,000000,171.86,171.93,170.31,171.35,14902060
GAZP,D,230727,000000,171.64,173.1,171.35,172,16962540
GAZP,D,230728,000000,171.98,172.4,170,171.44,15588280
GAZP,D,230731,000000,171.98,175.14,171.8,174.33,40388810
GAZP,D,230801,000000,175.09,175.44,172.38,173.21,35312250
GAZP,D,230802,000000,172.88,175.21,172.5,174.07,34714930
GAZP,D,230803,000000,173.93,177.35,173.15,177.1,60783710
GAZP,D,230804,000000,176.96,177.88,172.8,173.46,65863620
GAZP,D,230807,000000,174.26,175.3,171.05,172.52,31725840
GAZP,D,230808,000000,172.2,173.64,170.6,172.71,29034730
GAZP,D,230809,000000,173.45,175,171.69,174.51,31494610
GAZP,D,230810,000000,175.23,177.1,175,176.65,50671340
GAZP,D,230811,000000,176.79,177,175.21,176.35,23483310
GAZP,D,230814,000000,178,183.89,175.53,177.09,162952550
GAZP,D,230815,000000,175.53,179.35,175.02,176.16,70354940
GAZP,D,230816,000000,176.26,177.1,172.9,174.14,48750420
GAZP,D,230817,000000,174.7,174.95,172.8,174.14,25770030
GAZP,D,230818,000000,174.3,175.71,173.12,175.48,19414660
GAZP,D,230821,000000,176.24,177.7,175.76,176.36,26984890
GAZP,D,230822,000000,176.49,177,175.18,176.48,18173530
GAZP,D,230823,000000,176.77,176.93,173.02,173.65,29075620
GAZP,D,230824,000000,174.08,175.92,173.62,174.97,16604060
GAZP,D,230825,000000,175.06,175.35,174.11,174.7,16885590
GAZP,D,230828,000000,174.78,176.8,174.78,176.2,25035260
GAZP,D,230829,000000,176.37,181.37,175.5,178.69,100325680
GAZP,D,230830,000000,178.88,178.88,176.77,177.47,37286770
GAZP,D,230831,000000,177.99,179.14,177.15,177.99,26327950
GAZP,D,230901,000000,178.09,178.85,177.6,178.22,17174350
GAZP,D,230904,000000,179.32,181.81,178.84,181.11,46180460
GAZP,D,230905,000000,181.2,182.8,179,182.48,57207080
GAZP,D,230906,000000,183.2,184,180.63,180.96,45410150
GAZP,D,230907,000000,180.95,181.68,176.5,177.64,51458370
GAZP,D,230908,000000,177.96,178.17,175.51,175.95,30508560
GAZP,D,230911,000000,176.02,177.44,174.02,174.64,26883730
GAZP,D,230912,000000,175.23,177.7,174.8,177.62,23229550
GAZP,D,230913,000000,177.8,178,174.3,174.94,23868320
GAZP,D,230914,000000,175.2,175.39,173.06,173.52,35281720
GAZP,D,230915,000000,173.5,174.76,173.25,173.79,18868930
GAZP,D,230918,000000,174.48,174.66,172.05,172.8,20481720
GAZP,D,230919,000000,172.99,173.94,168.6,168.93,43194470
GAZP,D,230920,000000,169.3,170.25,167.1,169.11,34206030
GAZP,D,230921,000000,168.55,169.38,165.72,165.85,30316740
GAZP,D,230922,000000,166.15,167,165.1,166.7,22531980
GAZP,D,230925,000000,166.71,168.05,165.2,165.87,24208290
GAZP,D,230926,000000,165.83,165.85,163.51,165.36,26705860
GAZP,D,230927,000000,165.75,166.92,165.11,165.53,18500170
GAZP,D,230928,000000,165.81,169.77,165.31,169.58,28813860
GAZP,D,230929,000000,169.18,170.39,166.6,167.09,35820090
GAZP,D,231002,000000,167.79,168.86,165.51,166.08,24340960
GAZP,D,231003,000000,166,167.25,164.81,166.75,17332720
GAZP,D,231004,000000,166.61,167.59,165.15,165.4,20139060
GAZP,D,231005,000000,165.61,166.1,164.84,166.06,15209950
GAZP,D,231006,000000,166.3,166.86,165.1,166.59,18264830
GAZP,D,231009,000000,167.3,167.97,166.62,167.06,21651710
GAZP,D,231010,000000,167.38,168.8,166.86,168.03,18529510
GAZP,D,231011,000000,168.51,171.4,167.3,167.89,59934340
GAZP,D,231012,000000,167.9,169.8,167.4,169.5,31774850
GAZP,D,231013,000000,169.88,170.79,167.15,170.2,38531310
GAZP,D,231016,000000,170.51,172.91,170.51,172.55,41331360
GAZP,D,231017,000000,172.73,173.3,171.03,171.97,26708000
GAZP,D,231018,000000,172.68,172.68,168.7,170.18,31746140
GAZP,D,231019,000000,169.95,171,168.3,170.38,31661350
GAZP,D,231020,000000,170.38,172.15,169.12,171.39,25318740
GAZP,D,231023,000000,171.8,172.44,169.9,170.39,19890180
GAZP,D,231024,000000,170.42,171.24,169.76,170.19,16087260
GAZP,D,231025,000000,170.21,170.5,169,169.62,18075570
GAZP,D,231026,000000,169.96,170.47,168.4,168.45,21053800
GAZP,D,231027,000000,168.37,169.45,167.17,167.26,21518590
GAZP,D,231030,000000,167.27,168.44,166.35,167.16,16389060
GAZP,D,231031,000000,167.16,168.42,166.7,167.88,17206810
GAZP,D,231101,000000,167.88,170.23,167.83,170.08,21089710
GAZP,D,231102,000000,170.34,171.31,168,168.18,26449760
GAZP,D,231103,000000,168.22,170,167.5,169.19,16627750
GAZP,D,231106,000000,169.18,170.29,168.83,169.48,9319190
GAZP,D,231107,000000,169.12,169.98,167.2,168.53,21792090
GAZP,D,231108,000000,168.8,169.44,168.47,168.49,15352990
GAZP,D,231109,000000,168.49,169.63,167.58,168.16,20996900
GAZP,D,231110,000000,168.24,168.48,167.62,168.25,12973300
GAZP,D,231113,000000,168.25,168.89,167.7,167.85,13581700
GAZP,D,231114,000000,167.27,167.29,165.62,165.86,25262960
GAZP,D,231115,000000,165.86,167,165.52,166.46,12794320
GAZP,D,231116,000000,166.4,166.81,165.2,165.48,12922700
GAZP,D,231117,000000,165.45,165.74,163.48,165.31,24120540
GAZP,D,231120,000000,165.24,166.64,164.64,165.51,12629890
GAZP,D,231121,000000,165.39,165.68,164.5,165.15,11402940
GAZP,D,231122,000000,165.34,166.2,164.82,165.37,11524190
GAZP,D,231123,000000,165.37,165.69,164.02,164.11,10765740
GAZP,D,231124,000000,164.26,165.19,164.1,164.71,13563230
GAZP,D,231127,000000,165.1,165.37,162.01,162.79,23665130
GAZP,D,231128,000000,162.82,164.83,161.55,164.21,16806780
GAZP,D,231129,000000,164,165.63,162.71,163.17,17297850
GAZP,D,231130,000000,163.17,164.62,162.12,163.23,12305730
GAZP,D,231201,000000,163.22,164.22,162.56,162.61,10923950
GAZP,D,231204,000000,162.47,162.48,159.81,160.01,21906450
GAZP,D,231205,000000,160.3,161.44,159.1,160.46,15001770
GAZP,D,231206,000000,160.73,161.41,158.5,158.74,15501300
GAZP,D,231207,000000,158.87,164.77,157.26,163.38,48519210
GAZP,D,231208,000000,163.89,164.17,160.5,161.5,20172760
GAZP,D,231211,000000,161.45,167.14,160.19,164.87,53013420
GAZP,D,231212,000000,164.87,165.54,161.82,162.46,25358320
GAZP,D,231213,000000,161.97,164.5,161.82,163.92,13358800
GAZP,D,231214,000000,164.12,164.76,160.81,160.89,16968840
GAZP,D,231215,000000,161.13,164.42,161.02,164.2,23888840
GAZP,D,231218,000000,165,167.32,164.99,167,33032970
GAZP,D,231219,000000,167.1,168.89,165.12,165.48,38389440
GAZP,D,231220,000000,165.33,165.33,163.12,163.56,27570870
GAZP,D,231221,000000,163.3,163.71,161.19,161.57,26442660
GAZP,D,231222,000000,161.92,163.2,161.62,162.09,15391770
GAZP,D,231225,000000,162.49,162.77,160.4,161.09,22372720
GAZP,D,231226,000000,161.33,161.8,160.77,161,18570500
GAZP,D,231227,000000,161.2,161.4,159.81,159.86,23711980
GAZP,D,231228,000000,159.95,160.38,158.22,159.14,24851430
GAZP,D,231229,000000,159.49,160.79,159.14,159.52,19239480
GAZP,D,240103,000000,159.73,161.58,159.73,161.44,8080170
GAZP,D,240104,000000,161.51,161.64,161,161.25,4859980
GAZP,D,240105,000000,161.22,162.3,161.07,161.94,8773230
GAZP,D,240108,000000,162.43,163.2,162,163.05,11120640
GAZP,D,240109,000000,163.01,163.06,161.77,162.41,9592690
GAZP,D,240110,000000,162.41,163.7,162,162.87,10743240
GAZP,D,240111,000000,162.92,162.93,161.93,162.5,13085980
GAZP,D,240112,000000,162.55,163.98,162.2,163.37,14743890
GAZP,D,240115,000000,163.8,164.4,163.26,163.34,11051540
GAZP,D,240116,000000,163.28,164.18,162.37,163.22,12180560
GAZP,D,240117,000000,163.38,164.2,163,164.04,8623410
GAZP,D,240118,000000,164.13,167.55,164.12,166.52,39378520
GAZP,D,240119,000000,166.55,167.62,165.2,165.9,23518580
GAZP,D,240122,000000,165.98,167,165.26,166.06,12995310
GAZP,D,240123,000000,166.38,168.96,165.6,168.31,29332620
GAZP,D,240124,000000,168.36,168.63,166.2,166.36,18314770
GAZP,D,240125,000000,166.37,166.94,165.36,165.42,16162970
GAZP,D,240126,000000,165.66,165.95,163.65,163.99,20980140
GAZP,D,240129,000000,164.06,164.49,162.85,163.5,17070970
GAZP,D,240130,000000,163.39,163.79,162.71,163.22,17815100
GAZP,D,240131,000000,163.41,166.48,162.9,166.33,39738490
GAZP,D,240201,000000,166.71,166.75,164.8,165.25,20836140
GAZP,D,240202,000000,165.16,167.85,164.4,164.4,32725330
GAZP,D,240205,000000,164.45,165.22,163.55,164.87,17938190
GAZP,D,240206,000000,164.87,165.12,164.04,164.56,13168200
GAZP,D,240207,000000,164.57,165.59,164.34,164.62,16372630
GAZP,D,240208,000000,164.62,164.96,163.1,163.21,17718920
GAZP,D,240209,000000,163.47,163.97,163.2,163.23,12313700
GAZP,D,240212,000000,163.33,163.5,162.21,162.49,17879140
GAZP,D,240213,000000,162.62,163.9,162,162.29,15061640
GAZP,D,240214,000000,162.38,162.88,161.07,161.92,22008050
GAZP,D,240215,000000,162.09,162.61,161.31,161.59,16625530
GAZP,D,240216,000000,161.98,162,161.1,161.19,17123190
GAZP,D,240219,000000,161.41,162.2,160.84,161.24,13001080
GAZP,D,240220,000000,161.23,161.64,159.16,159.5,21831180
GAZP,D,240221,000000,159.65,160.23,158.3,158.64,22478950
GAZP,D,240222,000000,158.99,159.1,158,158.12,17651550
GAZP,D,240226,000000,158.94,160.56,158.85,160.09,16569370
GAZP,D,240227,000000,160.14,160.14,158.81,159.04,12055350
GAZP,D,240228,000000,159.19,162.27,159.05,160.65,33707380
GAZP,D,240229,000000,160.68,162.3,160,161.82,18111950
GAZP,D,240301,000000,161.81,163.1,161.18,161.34,18285650
GAZP,D,240304,000000,161.49,162,160.86,161.24,16530800
GAZP,D,240305,000000,161.23,161.8,160.23,160.98,14116140
GAZP,D,240306,000000,160.99,162,160.5,161.65,13596360
GAZP,D,240307,000000,161.65,162.3,160.75,160.91,14196940
GAZP,D,240311,000000,161.04,161.28,160.51,160.56,15883610
GAZP,D,240312,000000,160.62,163.31,160.56,162.99,26510020
GAZP,D,240313,000000,163.13,163.22,161.1,161.77,19180710
GAZP,D,240314,000000,161.8,161.81,160.53,161.1,13996010
GAZP,D,240315,000000,161.14,161.42,160.04,160.86,14151130
GAZP,D,240318,000000,161.12,161.43,160.31,160.58,14241450
GAZP,D,240319,000000,160.51,161.25,158.04,158.55,38252890
GAZP,D,240320,000000,158.6,158.98,157.75,158.42,21060990
GAZP,D,240321,000000,158.7,159.16,157.87,158.28,18038400
GAZP,D,240322,000000,158.39,158.69,156,156.44,28149960
GAZP,D,240325,000000,157.1,158.97,155.75,158.84,26914060
GAZP,D,240326,000000,159.1,159.45,156.9,157.94,27990050
GAZP,D,240327,000000,158.01,158.6,157.2,157.79,11865150
GAZP,D,240328,000000,157.79,157.95,157.04,157.05,10217550
GAZP,D,240329,000000,157.04,157.9,156.51,157.22,16044130
GAZP,D,240401,000000,157.69,158.25,157.43,158.06,16732650
GAZP,D,240402,000000,158.17,164.98,157.51,164.18,72244180
GAZP,D,240403,000000,164.1,165.36,162.12,162.63,42984880
GAZP,D,240404,000000,162.77,164.3,161.52,162.69,30238210
GAZP,D,240405,000000,162.78,164.63,162.1,163.59,22814020
GAZP,D,240408,000000,164.03,164.9,163.57,163.89,16445250
GAZP,D,240409,000000,164,165.79,163.49,164.08,29054750
GAZP,D,240410,000000,164.14,165.94,163.59,164.74,23208780
GAZP,D,240411,000000,164.97,166.33,164.15,166.24,30774040
GAZP,D,240412,000000,166.52,166.8,164.69,164.83,26202270
GAZP,D,240415,000000,165,165.66,163.27,163.33,21562710
GAZP,D,240416,000000,163.39,164.78,162.65,164.38,19254140
GAZP,D,240417,000000,164.58,165.68,163.78,164.62,20063060
GAZP,D,240418,000000,164.74,166.1,163.85,165.4,17621040
GAZP,D,240419,000000,165.53,168.15,165,167.03,36205320
GAZP,D,240422,000000,167.27,167.89,165.55,166.77,26923930
GAZP,D,240423,000000,166.59,167.43,162.62,163.7,34959300
GAZP,D,240424,000000,163.7,164.41,162.62,162.86,20797970
GAZP,D,240425,000000,162.99,164.2,162.67,163.35,14574730
GAZP,D,240426,000000,163.45,164.19,162.11,162.46,23101170
GAZP,D,240427,000000,162.6,166.49,161.7,164.06,31250400
GAZP,D,240429,000000,164.1,165.24,163.83,164.03,7800610
GAZP,D,240430,000000,164.35,164.55,163.22,163.22,7166760
GAZP,D,240502,000000,163.29,165.36,156.38,157.75,117380380
GAZP,D,240503,000000,157.43,157.74,154,155.2,66221110
GAZP,D,240506,000000,155.32,155.76,153,153.64,26977110
GAZP,D,240507,000000,154,154.96,153.5,154.16,16549540
GAZP,D,240508,000000,154.22,154.75,154.16,154.22,9615650
GAZP,D,240510,000000,154.24,154.89,154.24,154.58,4938150
GAZP,D,240513,000000,155.19,158.65,154.91,157.9,36367940
GAZP,D,240514,000000,157.98,158.4,155.82,156.16,18636890
GAZP,D,240515,000000,156.37,157.29,154.91,156.97,27230820
GAZP,D,240516,000000,157,158.1,156.67,157.88,24775560
GAZP,D,240517,000000,158.3,158.3,154.75,155.17,40679710
GAZP,D,240520,000000,155.4,155.69,145.01,145.03,138793230
GAZP,D,240521,000000,144.24,145.68,137.35,139.54,177093860
GAZP,D,240522,000000,139.8,142.2,138.67,139.25,54098250
GAZP,D,240523,000000,139.07,139.07,133.17,134.69,110661490
GAZP,D,240524,000000,134.95,136.45,133,133.34,58717990
GAZP,D,240527,000000,134.2,134.69,127.56,128.42,89193240
GAZP,D,240528,000000,128.77,131.75,126.82,128.47,63443960
GAZP,D,240529,000000,129,129.82,127.12,128.89,45011470
GAZP,D,240530,000000,129.5,129.53,123.26,124.93,45247030
GAZP,D,240531,000000,125.1,127.92,123.81,126.46,74986990
GAZP,D,240603,000000,126.67,128.61,122.09,124.14,70452330
GAZP,D,240604,000000,124.3,125.16,122.75,125.1,34739690
GAZP,D,240605,000000,125.72,126.5,123.63,124.02,37174310
GAZP,D,240606,000000,124.1,124.94,123.38,123.6,20658080
GAZP,D,240607,000000,123.8,125.82,122.16,122.78,47531080
GAZP,D,240610,000000,123.08,123.64,117.54,119,85156160
GAZP,D,240611,000000,119.15,119.34,116.33,117.53,62417250
GAZP,D,240613,000000,113,119.93,112.07,119.63,69585070
GAZP,D,240614,000000,119.95,122.01,118.89,121.65,49949590
GAZP,D,240617,000000,122.34,122.68,120.79,121.54,28829870
GAZP,D,240618,000000,121.54,122.04,117.18,118.02,40909060
GAZP,D,240619,000000,118.05,118.5,112.54,113.85,74681030
GAZP,D,240620,000000,114.14,116.39,110,115.92,176275570
GAZP,D,240621,000000,116.04,117.25,114.14,115.4,45925320
GAZP,D,240624,000000,115.39,116.35,113.2,113.67,27304980
GAZP,D,240625,000000,114,115.09,112.46,114.97,32077620
GAZP,D,240626,000000,115.05,117.25,114.65,117,39669450
GAZP,D,240627,000000,117.05,118.37,115.4,115.65,30906770
GAZP,D,240628,000000,116.33,116.65,114.88,115.94,23809940
GAZP,D,240701,000000,116.05,121.82,116,121.4,59969450
GAZP,D,240702,000000,121.4,127.25,120.76,126.2,130001830
GAZP,D,240703,000000,126.25,129.45,124.14,124.96,165261050
GAZP,D,240704,000000,125.01,126.8,121.7,122.17,80851800
GAZP,D,240705,000000,122.03,127,121.2,126.74,124560730
GAZP,D,240708,000000,127.5,128.84,125.25,127.74,89515150
GAZP,D,240709,000000,127.99,128.97,123.15,124.05,90375230
GAZP,D,240710,000000,124,125,117.75,117.81,99601990
GAZP,D,240711,000000,117.61,122.7,117.6,121.75,72079520
GAZP,D,240712,000000,121.9,122.47,118.23,119.65,48194040
GAZP,D,240715,000000,120,120.99,118.52,119.28,40496850
GAZP,D,240716,000000,119.28,126.01,118.61,124.74,93643180
GAZP,D,240717,000000,125.12,126.83,123.21,124.46,67220680
GAZP,D,240718,000000,124.46,129.85,123.38,129.81,89766080
GAZP,D,240719,000000,130.12,132.47,128.79,130.88,92815970
GAZP,D,240722,000000,131.95,132.81,130.28,131.61,53044470
GAZP,D,240723,000000,131.7,135,129.57,134.07,69150170
GAZP,D,240724,000000,134.09,137.28,133.42,136.73,64045270
GAZP,D,240725,000000,136.75,137.14,134.87,135.1,40983920
GAZP,D,240726,000000,135.1,136.68,132.59,135,82109580
GAZP,D,240729,000000,134.49,134.77,130.12,130.99,64573400
GAZP,D,240730,000000,130.8,134.07,130.46,132.4,53190140
GAZP,D,240731,000000,132.35,134.49,132.01,133.31,48325370
GAZP,D,240801,000000,133.48,134.35,131.51,132.05,29581130
GAZP,D,240802,000000,132.05,132.6,129.66,131.45,40694220
GAZP,D,240805,000000,129.06,130.54,127,127.25,59457200
GAZP,D,240806,000000,128.39,129.6,127.34,128.7,37085700
GAZP,D,240807,000000,128.88,130.34,126.18,129.84,61734090
GAZP,D,240808,000000,130.02,130.91,127.36,128.14,39237920
GAZP,D,240809,000000,128.03,129.76,127.27,128.64,29387830
GAZP,D,240812,000000,128.38,129.35,127.11,128.71,25800830
GAZP,D,240813,000000,128.79,130.8,128.79,130.49,23811100
GAZP,D,240814,000000,130.8,131.49,129.51,129.84,21667760
GAZP,D,240815,000000,129.98,130.31,127.01,127.6,25693730
GAZP,D,240816,000000,127.61,128.24,125.26,126.36,30430620
GAZP,D,240819,000000,126.42,127.69,125.21,126.29,30450030
GAZP,D,240820,000000,126.29,127.64,125.33,125.85,28164010
GAZP,D,240821,000000,125.5,126.4,123.03,123.38,35932010
GAZP,D,240822,000000,123.4,123.97,117.84,118.51,56139350
GAZP,D,240823,000000,118.2,119.24,115,116.81,60586860
GAZP,D,240826,000000,119.5,128.01,119.49,126.8,123117380
GAZP,D,240827,000000,127.3,127.98,122.52,124.47,92498810
GAZP,D,240828,000000,124.34,125.67,121,124.51,71144630
GAZP,D,240829,000000,124.49,130.91,123.55,130.27,165035420
GAZP,D,240830,000000,130.88,131.3,122.6,122.97,121346360
GAZP,D,240902,000000,122.89,124.73,121.43,123.86,82837340
