<TICKER>,<PER>,<DATE>,<TIME>,<OPEN>,<HIGH>,<LOW>,<CLOSE>,<VOL>
LKOH,D,200103,000000,6203.5,6294,6185,6294,791658
LKOH,D,200106,000000,6300,6382,6284.5,6382,751576
LKOH,D,200108,000000,6401,6513,6350.5,6496.5,974042
LKOH,D,200109,000000,6450,6523.5,6393.5,6430,876659
LKOH,D,200110,000000,6432.5,6505,6395,6490,497687
LKOH,D,200113,000000,6495,6541.5,6465,6530,577701
LKOH,D,200114,000000,6544.5,6566.5,6459.5,6520.5,718439
LKOH,D,200115,000000,6515.5,6574,6480,6552.5,1053251
LKOH,D,200116,000000,6558,6596,6542,6590,1019894
LKOH,D,200117,000000,6589.5,6714.5,6581,6685,1209611
LKOH,D,200120,000000,6700,6770,6684.5,6717,446394
LKOH,D,200121,000000,6689,6716,6611,6708.5,548342
LKOH,D,200122,000000,6713.5,6810,6655.5,6655.5,867837
LKOH,D,200123,000000,6619.5,6633.5,6536.5,6590,1217162
LKOH,D,200124,000000,6608,6650,6592.5,6620,506775
LKOH,D,200127,000000,6549.5,6569.5,6413,6545,1073913
LKOH,D,200128,000000,6568,6657,6503.5,6650,769434
LKOH,D,200129,000000,6691,6726,6601.5,6633,944493
LKOH,D,200130,000000,6498.5,6535,6415,6443.5,1580771
LKOH,D,200131,000000,6635,6670,6540.5,6550.5,1742128
LKOH,D,200203,000000,6519.5,6600,6517,6594.5,2671005
LKOH,D,200204,000000,6602,6633,6490,6500,1670313
LKOH,D,200205,000000,6514,6595,6452,6550.5,1105040
LKOH,D,200206,000000,6584.5,6605,6501,6506.5,685669
LKOH,D,200207,000000,6510,6529,6405,6450.5,938705
LKOH,D,200210,000000,6450.5,6451.5,6350,6410,946881
LKOH,D,200211,000000,6420,6441.5,6324.5,6397.5,1291961
LKOH,D,200212,000000,6397,6466,6384.5,6466,948883
LKOH,D,200213,000000,6455,6500,6388,6470.5,711876
LKOH,D,200214,000000,6486,6498,6410,6451,484387
LKOH,D,200217,000000,6439,6483.5,6431,6463,350221
LKOH,D,200218,000000,6441,6442,6350.5,6378.5,713980
LKOH,D,200219,000000,6407.5,6516,6405,6509,636605
LKOH,D,200220,000000,6522,6560,6492.5,6543.5,741043
LKOH,D,200221,000000,6519,6527.5,6450,6450,612319
LKOH,D,200225,000000,6301,6348,6150.5,6165,1427706
LKOH,D,200226,000000,6149,6268,6105.5,6256.5,1645203
LKOH,D,200227,000000,6140,6186,6000,6000,1505993
LKOH,D,200228,000000,5836,5870,5607,5699.5,3124084
LKOH,D,200302,000000,5816,5897.5,5540,5550,2905999
LKOH,D,200303,000000,5700,5900,5661,5782,1946861
LKOH,D,200304,000000,5740.5,5928.5,5701.5,5908.5,1601548
LKOH,D,200305,000000,5978,5996,5830,5862.5,1532273
LKOH,D,200306,000000,5742.5,5775,5534.5,5592,2266208
LKOH,D,200310,000000,5033,5083,4450,4549,7510762
LKOH,D,200311,000000,4652,4988,4520,4908,4810789
LKOH,D,200312,000000,4652.5,4745.5,4487.5,4511.5,3677398
LKOH,D,200313,000000,4505,4760,4414,4414,3663056
LKOH,D,200316,000000,4414,4414,4102,4251,2570452
LKOH,D,200317,000000,4212,4326.5,4030,4168.5,2244460
LKOH,D,200318,000000,4060,4145,3744,3754,3644119
LKOH,D,200319,000000,3834,4484.5,3663,4333,4772557
LKOH,D,200320,000000,4503,4745,4408,4472.5,5008988
LKOH,D,200323,000000,4252.5,4409,4122,4175.5,3405101
LKOH,D,200324,000000,4484,4550,4362.5,4494,2397960
LKOH,D,200325,000000,4596,4725,4400,4590,2898620
LKOH,D,200326,000000,4552,4700,4484.5,4700,1998767
LKOH,D,200327,000000,4699,4745,4401.5,4430,2092818
LKOH,D,200330,000000,4355.5,4459,4313,4459,1720742
LKOH,D,200331,000000,4549,4715,4501,4715,2428925
LKOH,D,200401,000000,4595,4734.5,4564,4674.5,1917101
LKOH,D,200402,000000,4870,5229.5,4787.5,5050,3850927
LKOH,D,200403,000000,5047.5,5364,4927,5204.5,3126770
LKOH,D,200406,000000,5215,5270,5064,5163,2279444
LKOH,D,200407,000000,5260,5260,5052.5,5118,1835405
LKOH,D,200408,000000,5063.5,5175,5036.5,5140,1924196
LKOH,D,200409,000000,5197.5,5275,5052,5201,2291202
LKOH,D,200410,000000,5120,5139.5,5064,5130,709604
LKOH,D,200413,000000,5117.5,5125,4933,5040,939770
LKOH,D,200414,000000,5087.5,5119.5,4825,4844,2048920
LKOH,D,200415,000000,4799,4799,4453,4484,2648878
LKOH,D,200416,000000,4502,4631,4365,4561.5,3413601
LKOH,D,200417,000000,4696.5,4697,4545,4620,1676884
LKOH,D,200420,000000,4559.5,4637,4455,4522.5,1899435
LKOH,D,200421,000000,4402,4533.5,4281,4475,3797054
LKOH,D,200422,000000,4420,4810.5,4385.5,4810.5,3438361
LKOH,D,200423,000000,4895,4979.5,4730,4902.5,2558736
LKOH,D,200424,000000,4875,4876,4720,4745.5,1841886
LKOH,D,200427,000000,4745,4790,4620,4650,1682738
LKOH,D,200428,000000,4624,4808,4621,4738.5,2735193
LKOH,D,200429,000000,4779,4940,4750,4897,2888095
LKOH,D,200430,000000,4941,5040,4816.5,4826.5,3030267
LKOH,D,200504,000000,4787,4909.5,4751.5,4848.5,1257504
LKOH,D,200505,000000,4950,4985,4880,4975,1426167
LKOH,D,200506,000000,5000,5014.5,4825,4857.5,1864425
LKOH,D,200507,000000,4864.5,4950,4825,4839,1713193
LKOH,D,200508,000000,4864,4879,4733,4832,1617310
LKOH,D,200512,000000,4845,4928,4824,4897.5,1305808
LKOH,D,200513,000000,4879.5,4896,4815.5,4819,1150878
LKOH,D,200514,000000,4799,4870,4773,4870,1470850
LKOH,D,200515,000000,4933,4968,4874.5,4874.5,1653522
LKOH,D,200518,000000,4972.5,5191.5,4935,5170.5,2510468
LKOH,D,200519,000000,5194,5285,5178.5,5272,2104319
LKOH,D,200520,000000,5275,5471,5238,5450,2240019
LKOH,D,200521,000000,5459,5548,5227,5286,2657882
LKOH,D,200522,000000,5195,5348,5166,5317,1586956
LKOH,D,200525,000000,5346.5,5420,5344,5412.5,615868
LKOH,D,200526,000000,5489.5,5539.5,5435,5445,1602232
LKOH,D,200527,000000,5423.5,5515.5,5285,5352.5,1737876
LKOH,D,200528,000000,5354.5,5484.5,5309,5392,1390600
LKOH,D,200529,000000,5379,5379,5224,5242.5,2451505
LKOH,D,200601,000000,5347.5,5412.5,5269,5318,1307649
LKOH,D,200602,000000,5357,5433,5340,5400,1355948
LKOH,D,200603,000000,5451,5566.5,5424,5549.5,2082046
LKOH,D,200604,000000,5533.5,5553,5430,5430,1479541
LKOH,D,200605,000000,5476,5511.5,5434,5460,1215118
LKOH,D,200608,000000,5489.5,5527.5,5351,5372,1549579
LKOH,D,200609,000000,5401,5428.5,5305.5,5425,1388256
LKOH,D,200610,000000,5410,5432,5314,5342,1520574
LKOH,D,200611,000000,5305,5355.5,5269,5350,1426935
LKOH,D,200615,000000,5224.5,5278,5120,5264,1747549
LKOH,D,200616,000000,5327,5474.5,5310,5392,1600765
LKOH,D,200617,000000,5418,5441.5,5301,5343,1356115
LKOH,D,200618,000000,5325,5376,5290,5347,1228059
LKOH,D,200619,000000,5411,5490,5389,5460,1871263
LKOH,D,200622,000000,5440,5504.5,5392,5469,953142
LKOH,D,200623,000000,5480,5507,5437.5,5452,954915
LKOH,D,200625,000000,5325,5402,5310.5,5394,1546047
LKOH,D,200626,000000,5388,5407,5303,5321.5,766738
LKOH,D,200629,000000,5305.5,5327,5266.5,5315,976164
LKOH,D,200630,000000,5313,5355,5279.5,5313,917857
LKOH,D,200702,000000,5338,5422,5322.5,5416,1035220
LKOH,D,200703,000000,5415.5,5431,5375.5,5416.5,481183
LKOH,D,200706,000000,5452,5512,5450,5483.5,1123512
LKOH,D,200707,000000,5474.5,5492.5,5429.5,5464,1012590
LKOH,D,200708,000000,5465,5479,5405,5457,1424620
LKOH,D,200709,000000,5158,5175,5061,5087,1685549
LKOH,D,200710,000000,5050,5103,5026.5,5098,1014037
LKOH,D,200713,000000,5116,5133.5,4909,4926.5,1215316
LKOH,D,200714,000000,4933,4933,4784,4884,2043410
LKOH,D,200715,000000,4901.5,4997,4865,4949.5,2057627
LKOH,D,200716,000000,4929,4974,4895,4944.5,794217
LKOH,D,200717,000000,4953.5,4972,4911,4946.5,557971
LKOH,D,200720,000000,4944,4970,4910,4937,851859
LKOH,D,200721,000000,4955,5005,4932.5,4953,1542865
LKOH,D,200722,000000,4964.5,5063,4953,5037,1301159
LKOH,D,200723,000000,5060.5,5089.5,4963.5,4974,1035929
LKOH,D,200724,000000,4967.5,5010,4941.5,4987,1136023
LKOH,D,200727,000000,4993,5039,4978,5013.5,961400
LKOH,D,200728,000000,5019.5,5050,4976.5,5023,1101310
LKOH,D,200729,000000,5033.5,5193,5022,5184.5,1821088
LKOH,D,200730,000000,5170,5178,5055,5115,1136047
LKOH,D,200731,000000,5114,5130,5051,5087.5,862462
LKOH,D,200803,000000,5072,5087,5028,5037,826984
LKOH,D,200804,000000,5056,5060,5002,5038.5,780821
LKOH,D,200805,000000,5051.5,5155,5042,5136,1198674
LKOH,D,200806,000000,5150.5,5174,5091,5130,880905
LKOH,D,200807,000000,5112.5,5125.5,5066,5088,555122
LKOH,D,200810,000000,5100,5153,5090,5112,649192
LKOH,D,200811,000000,5118.5,5210,5113,5170,1301940
LKOH,D,200812,000000,5190,5303.5,5188,5303,1084694
LKOH,D,200813,000000,5300,5387,5252.5,5312,1020623
LKOH,D,200814,000000,5323,5324,5234.5,5284.5,715918
LKOH,D,200817,000000,5303,5321.5,5235,5281.5,677375
LKOH,D,200818,000000,5264.5,5296,5231,5268.5,706037
LKOH,D,200819,000000,5264.5,5313,5233,5246.5,629584
LKOH,D,200820,000000,5228.5,5231,5088,5137.5,1219776
LKOH,D,200821,000000,5150.5,5158,5027,5092.5,1040043
LKOH,D,200824,000000,5110.5,5198,5103.5,5186,880068
LKOH,D,200825,000000,5199,5228,5145,5220,971273
LKOH,D,200826,000000,5231.5,5288,5197,5278,795039
LKOH,D,200827,000000,5286,5292.5,5154,5174,1030110
LKOH,D,200828,000000,5170,5178.5,5056.5,5082,776902
LKOH,D,200831,000000,5096,5128.5,4960,4991,1416679
LKOH,D,200901,000000,5009.5,5016,4917,4949,1286553
LKOH,D,200902,000000,4953,4978.5,4828.5,4852,1545721
LKOH,D,200903,000000,4839.5,4898,4795.5,4814,1513466
LKOH,D,200904,000000,4802,4888,4802,4858,963821
LKOH,D,200907,000000,4829.5,4850,4790,4795,646340
LKOH,D,200908,000000,4800,4822,4684.5,4719.5,1301443
LKOH,D,200909,000000,4704,4758.5,4664,4709,1081515
LKOH,D,200910,000000,4716.5,4736,4631.5,4661,1072340
LKOH,D,200911,000000,4668,4749,4645.5,4725.5,822325
LKOH,D,200914,000000,4746.5,4804.5,4733,4752.5,945651
LKOH,D,200915,000000,4754,4884,4735,4876,1498917
LKOH,D,200916,000000,4893.5,4929.5,4821.5,4863.5,1351352
LKOH,D,200917,000000,4814.5,4821,4750.5,4793.5,1535383
LKOH,D,200918,000000,4805,4815.5,4655,4677,2914282
LKOH,D,200921,000000,4664.5,4665,4462,4511,2314250
LKOH,D,200922,000000,4504,4560,4458,4529,1448653
LKOH,D,200923,000000,4526,4542,4443.5,4456,1339302
LKOH,D,200924,000000,4457.5,4584.5,4410,4563,1619164
LKOH,D,200925,000000,4578.5,4600.5,4478,4560,1163134
LKOH,D,200928,000000,4574.5,4634.5,4552,4627,1051405
LKOH,D,200929,000000,4627,4644.5,4484,4508.5,1595944
LKOH,D,200930,000000,4487,4520.5,4457,4470,1017690
LKOH,D,201001,000000,4489,4506.5,4390.5,4408.5,1024102
LKOH,D,201002,000000,4376,4382.5,4313,4379,1216751
LKOH,D,201005,000000,4405.5,4487,4363.5,4479,1227120
LKOH,D,201006,000000,4492.5,4563.5,4486.5,4519.5,1155256
LKOH,D,201007,000000,4507.5,4527,4398.5,4474,1167347
LKOH,D,201008,000000,4482,4503,4431,4498,948365
LKOH,D,201009,000000,4510,4510.5,4411,4451.5,853029
LKOH,D,201012,000000,4444,4493.5,4428,4445,611022
LKOH,D,201013,000000,4440,4473,4364,4374.5,798410
LKOH,D,201014,000000,4373,4385.5,4326,4364.5,931848
LKOH,D,201015,000000,4352,4362.5,4231,4271,1447465
LKOH,D,201016,000000,4259,4301,4200.5,4253,1483214
LKOH,D,201019,000000,4280,4296,4171,4194,824034
LKOH,D,201020,000000,4184,4289,4164,4270,950098
LKOH,D,201021,000000,4291,4297,4202,4211.5,871652
LKOH,D,201022,000000,4189.5,4318,4182,4307.5,1083696
LKOH,D,201023,000000,4305,4374.5,4287.5,4325,1003020
LKOH,D,201026,000000,4290,4301.5,4205,4223,882310
LKOH,D,201027,000000,4234.5,4249.5,4111,4123.5,1237053
LKOH,D,201028,000000,4097.5,4109.5,3961,4012.5,2006801
LKOH,D,201029,000000,4035.5,4080,3996,4057.5,1375645
LKOH,D,201030,000000,4008,4089,3970,4050,1225740
LKOH,D,201102,000000,4020,4165,3992,4162,1696450
LKOH,D,201103,000000,4162,4269.5,4160.5,4252,1530752
LKOH,D,201105,000000,4300.5,4379,4279.5,4321.5,1394595
LKOH,D,201106,000000,4306,4418.5,4272,4396,1364853
LKOH,D,201109,000000,4455.5,4820,4420,4755,4566655
LKOH,D,201110,000000,4749,4950,4702,4884.5,3268426
LKOH,D,201111,000000,4920.5,4996,4916.5,4945,2663948
LKOH,D,201112,000000,4905,4939.5,4821.5,4853,1861773
LKOH,D,201113,000000,4834.5,4900,4795,4879,948327
LKOH,D,201116,000000,4902,4949.5,4861,4932.5,1400619
LKOH,D,201117,000000,4943,4954,4796.5,4864,1512090
LKOH,D,201118,000000,4843.5,4972,4818,4890,1367243
LKOH,D,201119,000000,4882.5,4937,4850,4916,1213071
LKOH,D,201120,000000,4910.5,4952,4877.5,4948.5,766614
LKOH,D,201123,000000,4963,5046.5,4945.5,5026.5,1803959
LKOH,D,201124,000000,5056,5179.5,5050,5179.5,2117841
LKOH,D,201125,000000,5190.5,5395,5141.5,5392.5,3139071
LKOH,D,201126,000000,5396,5400,5236,5243,1824651
LKOH,D,201127,000000,5230,5269.5,5164.5,5260,1649100
LKOH,D,201130,000000,5198,5250,4982,5063,3718388
LKOH,D,201201,000000,5072,5121,5022,5058.5,1507058
LKOH,D,201202,000000,5034,5199,5024,5167,1544503
LKOH,D,201203,000000,5172,5184.5,4988,5053,2012816
LKOH,D,201204,000000,5121,5195,5090.5,5122,1507715
LKOH,D,201207,000000,5103.5,5143,5035.5,5039.5,1184748
LKOH,D,201208,000000,5015.5,5059,4953,4994,1264179
LKOH,D,201209,000000,5003.5,5128,4980,5023,1546920
LKOH,D,201210,000000,5006.5,5338,5005.5,5287,2581306
LKOH,D,201211,000000,5298.5,5420,5275,5380,2277373
LKOH,D,201214,000000,5416,5494,5262,5325,2108840
LKOH,D,201215,000000,5306.5,5399.5,5220,5297.5,1486533
LKOH,D,201216,000000,5297.5,5307,5105,5174,2284255
LKOH,D,201217,000000,5179.5,5244.5,5104,5188,2013453
LKOH,D,201218,000000,5173,5176.5,5075,5140,2724592
LKOH,D,201221,000000,5069.5,5115,4938.5,5095.5,2452216
LKOH,D,201222,000000,5040.5,5138,5040.5,5073,1157972
LKOH,D,201223,000000,5067,5130,5047.5,5107,658533
LKOH,D,201224,000000,5121,5148,5082.5,5105.5,433719
LKOH,D,201225,000000,5110,5113,5087.5,5106,134682
LKOH,D,201228,000000,5114,5175.5,5101,5101.5,688066
LKOH,D,201229,000000,5115,5170,5114,5143,661110
LKOH,D,201230,000000,5153.5,5204,5146,5169.5,789928
LKOH,D,210104,000000,5232,5274.5,5186.5,5212.5,773026
LKOH,D,210105,000000,5210,5359,5180,5358.5,1178125
LKOH,D,210106,000000,5375,5401,5304,5376.5,1393471
LKOH,D,210108,000000,5439.5,5557.5,5425,5556.5,2062517
LKOH,D,210111,000000,5510.5,5639,5451,5599,2045942
LKOH,D,210112,000000,5618,5724.5,5615,5721,1746424
LKOH,D,210113,000000,5754,5827,5706,5755,2041824
LKOH,D,210114,000000,5752,5957.5,5715,5937,2105732
LKOH,D,210115,000000,5889.5,5995,5852,5888.5,1914626
LKOH,D,210118,000000,5863.5,5902,5802.5,5873,1306744
LKOH,D,210119,000000,5912,5968,5854,5892,1242959
LKOH,D,210120,000000,5907,5962,5843,5864,965966
LKOH,D,210121,000000,5884,5921.5,5710,5771,1831900
LKOH,D,210122,000000,5705,5787,5626,5740.5,1632508
LKOH,D,210125,000000,5752.5,5797.5,5675,5722,1320058
LKOH,D,210126,000000,5681,5703.5,5553,5595.5,1621675
LKOH,D,210127,000000,5610.5,5631,5484,5499.5,1731861
LKOH,D,210128,000000,5467,5617,5442.5,5575,1683337
LKOH,D,210129,000000,5555,5561.5,5365.5,5377,2020670
LKOH,D,210201,000000,5417.5,5426,5296.5,5406,2110804
LKOH,D,210202,000000,5426,5577,5407.5,5516,2448824
LKOH,D,210203,000000,5554,5642,5491.5,5555,1796746
LKOH,D,210204,000000,5565.5,5728.5,5529,5699.5,2269932
LKOH,D,210205,000000,5740.5,5770.5,5644,5715,1125316
LKOH,D,210208,000000,5750,5797.5,5698,5758,963438
LKOH,D,210209,000000,5780.5,5796,5654,5695,1049377
LKOH,D,210210,000000,5700,5712.5,5560,5594.5,1340726
LKOH,D,210211,000000,5581,5690,5546,5641.5,705902
LKOH,D,210212,000000,5624.5,5756.5,5501,5756,1264596
LKOH,D,210215,000000,5820,5910,5772,5909.5,1137579
LKOH,D,210216,000000,5918,5930,5805.5,5868.5,931974
LKOH,D,210217,000000,5860.5,5876.5,5682,5768.5,1282901
LKOH,D,210218,000000,5761.5,5784,5588.5,5615,1261967
LKOH,D,210219,000000,5580,5697,5561,5656,1241815
LKOH,D,210220,000000,5657,5659,5602.5,5633,122313
LKOH,D,210222,000000,5651,5797,5592,5786,1191686
LKOH,D,210224,000000,5751,5791,5676.5,5788.5,1136455
LKOH,D,210225,000000,5804.5,5888,5731,5740.5,1649316
LKOH,D,210226,000000,5707,5794.5,5545,5575.5,2505092
LKOH,D,210301,000000,5623,5660,5590.5,5634,1039122
LKOH,D,210302,000000,5609.5,5676,5592,5648.5,769865
LKOH,D,210303,000000,5684,5747.5,5631.5,5701,887997
LKOH,D,210304,000000,5715,5955,5690,5806,1943650
LKOH,D,210305,000000,5856,6245,5852,6236,3837382
LKOH,D,210309,000000,6198,6405,6167,6305,1974435
LKOH,D,210310,000000,6277,6300.5,6084,6127.5,1642730
LKOH,D,210311,000000,6152.5,6339,6109.5,6339,1523644
LKOH,D,210312,000000,6313.5,6377,6267,6356,947594
LKOH,D,210315,000000,6382,6480,6360,6472.5,1704229
LKOH,D,210316,000000,6454.5,6470.5,6314,6445,1909495
LKOH,D,210317,000000,6450,6475,6294,6363,1609679
LKOH,D,210318,000000,6369,6373.5,6059,6083,2134943
LKOH,D,210319,000000,6075,6149,5960,6078,2904138
LKOH,D,210322,000000,6061,6167,5980,6118,1217746
LKOH,D,210323,000000,6085,6098,5951,5961,1729905
LKOH,D,210324,000000,5999,6231,5976,6162.5,1525656
LKOH,D,210325,000000,6160,6195.5,6056,6182,1160792
LKOH,D,210326,000000,6200,6289,6194,6283,1195517
LKOH,D,210329,000000,6233,6278,6174,6257.5,817397
LKOH,D,210330,000000,6268,6316.5,6125.5,6155,944974
LKOH,D,210331,000000,6168,6188,6097.5,6111.5,833364
LKOH,D,210401,000000,6152.5,6189,6015,6112,1142711
LKOH,D,210402,000000,6120.5,6137,6076.5,6108.5,236045
LKOH,D,210405,000000,6095,6095,5951,5990.5,855330
LKOH,D,210406,000000,6008,6024,5871.5,5891,1171232
LKOH,D,210407,000000,5892,6001,5842,5978,1423877
LKOH,D,210408,000000,5990,6068,5945,6008.5,768280
LKOH,D,210409,000000,6002,6006,5867,5933,1148032
LKOH,D,210412,000000,5908.5,6037,5886.5,6020,1267547
LKOH,D,210413,000000,6004.5,6055,5946.5,6044.5,750478
LKOH,D,210414,000000,6081.5,6168.5,5975,6134,1340862
LKOH,D,210415,000000,6087,6118.5,6017,6054.5,1190659
LKOH,D,210416,000000,6089,6104,6025,6066,760492
LKOH,D,210419,000000,6060,6087,5986,6007,555404
LKOH,D,210420,000000,6021.5,6061,5840,5897,1449856
LKOH,D,210421,000000,5880,5966.5,5876.5,5946,850502
LKOH,D,210422,000000,5945,6057,5886.5,5999,1305445
LKOH,D,210423,000000,6020,6027.5,5931,5950,855562
LKOH,D,210426,000000,5951,5971,5892.5,5919,840943
LKOH,D,210427,000000,5917,5966.5,5870.5,5903.5,762862
LKOH,D,210428,000000,5906,5945,5844,5901,891359
LKOH,D,210429,000000,5931,5945,5875,5926,1022280
LKOH,D,210430,000000,5915,5945,5760,5805,1379006
LKOH,D,210504,000000,5815,5999,5815,5991,1373105
LKOH,D,210505,000000,6010.5,6156,5985.5,6122,1340797
LKOH,D,210506,000000,6124,6185,6061,6087,1015821
LKOH,D,210507,000000,6103.5,6122.5,6042.5,6088,726220
LKOH,D,210510,000000,6097,6203,6093,6118,1042800
LKOH,D,210511,000000,6092,6093.5,5948,6021,1245809
LKOH,D,210512,000000,6021,6205,6003.5,6119,1424252
LKOH,D,210513,000000,6100,6127,5999.5,6040,1173785
LKOH,D,210514,000000,6052.5,6077,6002,6050,505834
LKOH,D,210517,000000,6018,6026,5868.5,5976,1720346
LKOH,D,210518,000000,6000,6043,5962.5,5994,1804042
LKOH,D,210519,000000,5974.5,5978,5767.5,5862.5,1733021
LKOH,D,210520,000000,5852,5863.5,5681,5711,1350464
LKOH,D,210521,000000,5714,5852,5697,5800.5,1122864
LKOH,D,210524,000000,5831.5,5859.5,5774,5818,571607
LKOH,D,210525,000000,5835,5975.5,5823,5913,1085314
LKOH,D,210526,000000,5923,6019.5,5918,6016.5,1172616
LKOH,D,210527,000000,5999,6012,5915,5992,1612125
LKOH,D,210528,000000,6013,6030,5936,5955,733108
LKOH,D,210531,000000,5957,6010.5,5951,5993,392489
LKOH,D,210601,000000,6023.5,6223,6017,6210,2080801
LKOH,D,210602,000000,6222,6430,6215,6428,2238487
LKOH,D,210603,000000,6460,6499,6327,6474.5,1951973
LKOH,D,210604,000000,6472,6570,6442,6511,1522097
LKOH,D,210607,000000,6488,6590,6460,6555,918412
LKOH,D,210608,000000,6533,6564.5,6400,6504.5,1369216
LKOH,D,210609,000000,6525,6595.5,6487,6587,942484
LKOH,D,210610,000000,6575.5,6660.5,6548,6570,1088247
LKOH,D,210611,000000,6570,6607.5,6488,6518.5,577405
LKOH,D,210614,000000,6530,6547.5,6447,6515,580500
LKOH,D,210615,000000,6522,6527.5,6431,6504.5,827007
LKOH,D,210616,000000,6523.5,6637.5,6522.5,6591.5,1179384
LKOH,D,210617,000000,6563,6746,6560.5,6669.5,1678291
LKOH,D,210618,000000,6644,6710,6606,6653,1861951
LKOH,D,210621,000000,6645,6700,6603,6697,685596
LKOH,D,210622,000000,6732,6769,6663,6715.5,1070707
LKOH,D,210623,000000,6734.5,6741.5,6621,6633,1062120
LKOH,D,210624,000000,6632.5,6759,6620,6725,1483543
LKOH,D,210625,000000,6720,6813,6710.5,6810,876091
LKOH,D,210628,000000,6810.5,6867,6744,6759,804732
LKOH,D,210629,000000,6730.5,6749,6642.5,6685,1283942
LKOH,D,210630,000000,6692.5,6804.5,6617,6762.5,1143707
LKOH,D,210701,000000,6770,7013,6762,7010,1490298
LKOH,D,210702,000000,6825.5,6920,6810.5,6849,992753
LKOH,D,210705,000000,6871,6871.5,6767,6845,386882
LKOH,D,210706,000000,6869,6939,6824,6829,1542790
LKOH,D,210707,000000,6830,6904.5,6732.5,6782,934282
LKOH,D,210708,000000,6738,6750,6597,6684,1029273
LKOH,D,210709,000000,6674,6717,6618,6655,844030
LKOH,D,210712,000000,6646,6650,6573,6611,539778
LKOH,D,210713,000000,6625,6646,6580,6637,650013
LKOH,D,210714,000000,6631,6750,6562,6566,1139559
LKOH,D,210715,000000,6550,6552,6403,6430.5,973634
LKOH,D,210716,000000,6397.5,6479.5,6327.5,6362,781647
LKOH,D,210719,000000,6304,6339,6213.5,6228,926660
LKOH,D,210720,000000,6271,6330,6205,6307.5,1049649
LKOH,D,210721,000000,6291,6408.5,6265.5,6393,907800
LKOH,D,210722,000000,6401.5,6467,6330.5,6456,866384
LKOH,D,210723,000000,6460.5,6477.5,6380.5,6433.5,736662
LKOH,D,210726,000000,6373,6408,6315,6405,645400
LKOH,D,210727,000000,6383.5,6401.5,6292,6332.5,648049
LKOH,D,210728,000000,6349,6427,6342,6415,687330
LKOH,D,210729,000000,6445.5,6455.5,6382.5,6416,674738
LKOH,D,210730,000000,6398,6402,6266.5,6299,1129457
LKOH,D,210802,000000,6308.5,6380,6260,6308,893284
LKOH,D,210803,000000,6301.5,6330,6205.5,6297,999182
LKOH,D,210804,000000,6310,6333.5,6226,6235,754130
LKOH,D,210805,000000,6218,6312,6211.5,6312,577956
LKOH,D,210806,000000,6319.5,6328.5,6227,6236,727121
LKOH,D,210809,000000,6198,6310,6110.5,6290,787985
LKOH,D,210810,000000,6325,6427.5,6322,6423.5,995809
LKOH,D,210811,000000,6438,6487.5,6400,6450,917959
LKOH,D,210812,000000,6450.5,6530,6431.5,6504.5,620833
LKOH,D,210813,000000,6488,6512,6406,6429.5,572534
LKOH,D,210816,000000,6400,6503,6369.5,6495.5,621148
LKOH,D,210817,000000,6476,6615,6441.5,6567.5,1149179
LKOH,D,210818,000000,6607.5,6615,6444.5,6445,757040
LKOH,D,210819,000000,6404,6424.5,6255,6332,1232898
LKOH,D,210820,000000,6313,6348,6262.5,6339.5,559803
LKOH,D,210823,000000,6383,6489,6371,6475.5,750426
LKOH,D,210824,000000,6500,6521.5,6408,6488,633383
LKOH,D,210825,000000,6462,6483,6420.5,6431,406112
LKOH,D,210826,000000,6419,6430,6308,6343.5,610360
LKOH,D,210827,000000,6373.5,6443,6325.5,6429.5,769681
LKOH,D,210830,000000,6446.5,6471.5,6403.5,6439,504200
LKOH,D,210831,000000,6437,6449,6221,6283.5,2056787
LKOH,D,210901,000000,6302,6351,6264,6334,1106615
LKOH,D,210902,000000,6330,6408,6278.5,6350.5,1129608
LKOH,D,210903,000000,6363.5,6366,6301,6330,653587
LKOH,D,210906,000000,6327,6372,6314.5,6325,561034
LKOH,D,210907,000000,6335,6338.5,6268.5,6280,791670
LKOH,D,210908,000000,6282,6354,6246.5,6341.5,1079275
LKOH,D,210909,000000,6330,6354.5,6261,6269.5,827841
LKOH,D,210910,000000,6299,6339,6272,6300,747146
LKOH,D,210913,000000,6321,6423.5,6308,6420.5,805842
LKOH,D,210914,000000,6441.5,6600,6428.5,6570,1833094
LKOH,D,210915,000000,6600,6767,6583.5,6724.5,1489881
LKOH,D,210916,000000,6704,6800,6565,6664,1762500
LKOH,D,210917,000000,6671.5,6673,6565,6600.5,1332859
LKOH,D,210920,000000,6538,6596.5,6494,6551,868297
LKOH,D,210921,000000,6579,6660,6557,6605,917647
LKOH,D,210922,000000,6654,6721.5,6622,6702,667239
LKOH,D,210923,000000,6749,6801,6707,6801,966130
LKOH,D,210924,000000,6800,6859.5,6740.5,6825,824276
LKOH,D,210927,000000,6900,7003,6871,6986,1410591
LKOH,D,210928,000000,7015,7141.5,6964,6968,1472618
LKOH,D,210929,000000,6928,7030,6900.5,6992,1053957
LKOH,D,210930,000000,7011,7039,6850.5,6903.5,1427649
LKOH,D,211001,000000,6863.5,6990,6835,6987.5,697983
LKOH,D,211004,000000,7000,7160.5,6940.5,7134.5,1569230
LKOH,D,211005,000000,7160.5,7417,7123,7346.5,1667789
LKOH,D,211006,000000,7410,7417,7030,7096,1549495
LKOH,D,211007,000000,7132,7189.5,6984.5,7165,1282235
LKOH,D,211008,000000,7205,7279,7170.5,7220,922089
LKOH,D,211011,000000,7287,7320,7253,7264,733416
LKOH,D,211012,000000,7211.5,7332,7192,7306,817499
LKOH,D,211013,000000,7321.5,7333.5,7070.5,7252,1257240
LKOH,D,211014,000000,7290,7319,7172,7215,804831
LKOH,D,211015,000000,7252,7318,7195,7306.5,950893
LKOH,D,211018,000000,7323,7364,7271.5,7319,711222
LKOH,D,211019,000000,7336,7373,7240.5,7373,761030
LKOH,D,211020,000000,7360,7460,7320,7439,854248
LKOH,D,211021,000000,7410,7429,7202.5,7232,928028
LKOH,D,211022,000000,7215,7314.5,7172,7200,816459
LKOH,D,211025,000000,7239,7483,7215,7441.5,1354036
LKOH,D,211026,000000,7449,7525,7381,7440.5,1135248
LKOH,D,211027,000000,7405,7486.5,7322,7323.5,746235
LKOH,D,211028,000000,7286,7320,7190,7288.5,1383577
LKOH,D,211029,000000,7260,7315,7118,7272.5,1311428
LKOH,D,211101,000000,7261,7327.5,7242,7293,595014
LKOH,D,211102,000000,7299,7394,7193.5,7214,946259
LKOH,D,211103,000000,7193,7202.5,7125,7175,595102
LKOH,D,211105,000000,7132,7205,7082,7199,593006
LKOH,D,211108,000000,7243.5,7275,7202,7208.5,510146
LKOH,D,211109,000000,7200,7255,7117.5,7188,791353
LKOH,D,211110,000000,7209.5,7266,7120,7137.5,655388
LKOH,D,211111,000000,7158,7171,6969,7094.5,1090684
LKOH,D,211112,000000,7061.5,7067,6835,6878,1938588
LKOH,D,211115,000000,6852,6979.5,6815,6918.5,909015
LKOH,D,211116,000000,6958,7006,6905,6946.5,845349
LKOH,D,211117,000000,6942,6950,6840,6884.5,1144794
LKOH,D,211118,000000,6832,6887,6783.5,6840,814044
LKOH,D,211119,000000,6897,6902.5,6660,6709,1372684
LKOH,D,211122,000000,6690,6756.5,6532,6575.5,1753388
LKOH,D,211123,000000,6550.5,6837,6490,6829.5,1589774
LKOH,D,211124,000000,6851,6891,6686.5,6814.5,1372160
LKOH,D,211125,000000,6828,6890.5,6655,6661.5,1077516
LKOH,D,211126,000000,6470,6516.5,6335.5,6374,2172255
LKOH,D,211129,000000,6510,6713,6480,6616,1799724
LKOH,D,211130,000000,6502,6688.5,6418.5,6513,2727544
LKOH,D,211201,000000,6600,6740.5,6543,6576.5,1738308
LKOH,D,211202,000000,6611.5,6768,6558,6732,1462077
LKOH,D,211203,000000,6751.5,6770,6571.5,6639.5,842978
LKOH,D,211206,000000,6691,6740,6500,6650,1173615
LKOH,D,211207,000000,6664,6766.5,6645,6720.5,2165695
LKOH,D,211208,000000,6721,6784.5,6510,6574.5,2076192
LKOH,D,211209,000000,6594,6636,6501.5,6619,1226511
LKOH,D,211210,000000,6624.5,6673,6568.5,6619.5,675304
LKOH,D,211213,000000,6627.5,6700,6352,6376,1539741
LKOH,D,211214,000000,6399,6628,5912.5,6592,2086211
LKOH,D,211215,000000,6590,6625,6447,6595,1122102
LKOH,D,211216,000000,6606.5,6779,6595,6729,1752666
LKOH,D,211217,000000,6737.5,6765,6603.5,6670,2014417
LKOH,D,211220,000000,6344,6368,6237,6328.5,1720877
LKOH,D,211221,000000,6350,6428,6285,6348.5,1119339
LKOH,D,211222,000000,6368.5,6393.5,6319.5,6349.5,838708
LKOH,D,211223,000000,6358.5,6380,6285,6304.5,665390
LKOH,D,211224,000000,6314,6328,6220.5,6313.5,385809
LKOH,D,211227,000000,6321.5,6398.5,6315,6397.5,515565
LKOH,D,211228,000000,6395,6559.5,6377,6478,994519
LKOH,D,211229,000000,6479,6525,6421,6516,842305
LKOH,D,211230,000000,6520,6597,6480,6573,768281
LKOH,D,220103,000000,6594,6705.5,6586,6683,610482
LKOH,D,220104,000000,6688,6741,6627,6728,551237
LKOH,D,220105,000000,6715.5,6755,6501,6522,972892
LKOH,D,220106,000000,6531,6706,6459,6699,906346
LKOH,D,220110,000000,6734,6880,6650.5,6775,1238043
LKOH,D,220111,000000,6789,6850,6732.5,6816,926213
LKOH,D,220112,000000,6814.5,6969,6770,6960,1268243
LKOH,D,220113,000000,6927.5,6951.5,6610,6665,1767371
LKOH,D,220114,000000,6689,6791,6469,6659,2077158
LKOH,D,220117,000000,6670,6734,6445,6516,1581418
LKOH,D,220118,000000,6539,6587,6132,6250,3676120
LKOH,D,220119,000000,6245,6670,6020,6494,3237209
LKOH,D,220120,000000,6501,6683,6324,6430,2237744
LKOH,D,220121,000000,6400,6514,6310,6420,1939997
LKOH,D,220124,000000,6440,6479,6078,6293,2935601
LKOH,D,220125,000000,6287,6562.5,6177.5,6543,2081885
LKOH,D,220126,000000,6541,6690,6405,6525.5,2225376
LKOH,D,220127,000000,6494,6900,6432,6811.5,2116895
LKOH,D,220128,000000,6799.5,6945,6755,6775,1584785
LKOH,D,220131,000000,6808.5,6910,6780,6878,1296147
LKOH,D,220201,000000,6878,7013.5,6826,6976,1229086
LKOH,D,220202,000000,6976,7050,6936,7040,982949
LKOH,D,220203,000000,7025,7030,6794.5,6865.5,1321542
LKOH,D,220204,000000,6892,7110,6892,7010,1754004
LKOH,D,220207,000000,7045,7060,6825.5,6988,976908
LKOH,D,220208,000000,6985,7044,6938,6957.5,931306
LKOH,D,220209,000000,6976,7009,6900,6973.5,1546898
LKOH,D,220210,000000,6969,7084,6894,6984.5,1378640
LKOH,D,220211,000000,6973.5,7000,6624.5,6707.5,1888800
LKOH,D,220214,000000,6684,6885,6524.5,6796,1949631
LKOH,D,220215,000000,6825.5,7077.5,6783,6979,1778842
LKOH,D,220216,000000,7014.5,7068,6902.5,6970,1179733
LKOH,D,220217,000000,6956,6968,6650,6733,1739893
LKOH,D,220218,000000,6740,6832,6415,6456.5,1700117
LKOH,D,220221,000000,6481.5,6649,5609.5,5810,4537902
LKOH,D,220222,000000,5805,6050,5479,6020,5901569
LKOH,D,220224,000000,5400,5410.5,3019.5,4650,4687087
LKOH,D,220225,000000,4400,5360,4400,4915,2013374
LKOH,D,220324,000000,5315,5993,5300,5525,1192903
LKOH,D,220325,000000,5605,5761,5022,5206,870511
LKOH,D,220328,000000,5199.5,5199.5,4915,5118,226709
LKOH,D,220329,000000,5117.5,5350,4800,4922,641887
LKOH,D,220330,000000,5049.5,5140,5000,5140,286603
LKOH,D,220331,000000,5112,5680,5100,5680,459292
LKOH,D,220401,000000,5668.5,5868,5450,5601,383895
LKOH,D,220404,000000,5697.5,5750,5395,5557,303444
LKOH,D,220405,000000,5575,5590,5220,5314,244086
LKOH,D,220406,000000,5313,5514,5224.5,5266,194786
LKOH,D,220407,000000,5260,5356,5240,5280,263879
LKOH,D,220408,000000,5299.5,5319.5,5087,5226.5,199539
LKOH,D,220411,000000,5224.5,5385,5184,5190,144355
LKOH,D,220412,000000,5209,5250,5026,5145,219794
LKOH,D,220413,000000,5163,5209,5056,5106,160343
LKOH,D,220414,000000,5115.5,5120,4862,4879.5,198984
LKOH,D,220415,000000,4879.5,4956,4800,4893,151138
LKOH,D,220418,000000,4919,4948,4524,4549,407382
LKOH,D,220419,000000,4578,4585.5,4108,4485,707834
LKOH,D,220420,000000,4498.5,4536,4215.5,4310,725673
LKOH,D,220421,000000,4331.5,4340,3910,3974,1217237
LKOH,D,220422,000000,3973.5,4044,3682,3828,1647471
LKOH,D,220425,000000,3829,3994,3710.5,3931,557049
LKOH,D,220426,000000,3970,4587.5,3960.5,4292,1353643
LKOH,D,220427,000000,4325,4559,4276,4550,782779
LKOH,D,220428,000000,4559,4740,4318,4381,919349
LKOH,D,220429,000000,4409,4717,4380,4699.5,863974
LKOH,D,220504,000000,4746,4772.5,4526,4552,441505
LKOH,D,220505,000000,4604,4689.5,4600.5,4675,229873
LKOH,D,220506,000000,4690,4690,4568,4635.5,374899
LKOH,D,220511,000000,4640,4699,4539,4600,241836
LKOH,D,220512,000000,4552,4581,4325.5,4362.5,525713
LKOH,D,220513,000000,4402,4439,4300,4380,271089
LKOH,D,220516,000000,4381,4669.5,4380.5,4523.5,1135843
LKOH,D,220517,000000,4543,4589,4400,4500,387539
LKOH,D,220518,000000,4519,4565,4480,4483.5,273475
LKOH,D,220519,000000,4485,4509.5,4381.5,4415.5,229444
LKOH,D,220520,000000,4419,4449,4258,4279,304512
LKOH,D,220523,000000,4305,4350,4031,4050,332641
LKOH,D,220524,000000,4050,4062.5,3882,3942,500444
LKOH,D,220525,000000,3996.5,4148,3975,4148,338692
LKOH,D,220526,000000,4160,4298.5,4085,4263,487892
LKOH,D,220527,000000,4285,4359.5,4255,4290,474852
LKOH,D,220530,000000,4352,4380,4100,4220,414226
LKOH,D,220531,000000,4187,4199,4043,4061.5,303664
LKOH,D,220601,000000,4050,4125,4003,4074,372370
LKOH,D,220602,000000,4079.5,4085.5,3993,4035,314037
LKOH,D,220603,000000,4046,4070,3930,3980.5,339001
LKOH,D,220606,000000,3985,4028,3927,3940,290329
LKOH,D,220607,000000,3948,3970,3816,3959.5,457366
LKOH,D,220608,000000,3967,4050,3864,3945.5,436641
LKOH,D,220609,000000,3954,3956.5,3865,3876,288669
LKOH,D,220610,000000,3869,3903,3830,3898,360978
LKOH,D,220614,000000,3886,3927.5,3846,3891.5,299077
LKOH,D,220615,000000,3880,4125,3880,4115,724708
LKOH,D,220616,000000,4117,4300,4105,4261.5,1087732
LKOH,D,220617,000000,4289.5,4326,4137,4182,497276
LKOH,D,220620,000000,4202,4245,4128,4209.5,458946
LKOH,D,220621,000000,4232,4279.5,4031.5,4045,590179
LKOH,D,220622,000000,3990,4179.5,3932.5,4139,741600
LKOH,D,220623,000000,4141,4207,4076.5,4150,656872
LKOH,D,220624,000000,4145,4160,4044.5,4100,313528
LKOH,D,220627,000000,4100.5,4120,4056,4100,223245
LKOH,D,220628,000000,4109,4109,3983,3989.5,393275
LKOH,D,220629,000000,3982,4078,3920.5,4015,442165
LKOH,D,220630,000000,3999.5,4056.5,3865,3905,750705
LKOH,D,220701,000000,3915,4002.5,3876,3944,504326
LKOH,D,220704,000000,3946,4095,3944,3949.5,420895
LKOH,D,220705,000000,3960,4048,3905,4015,442337
LKOH,D,220706,000000,4000,4150,3945,3962,602112
LKOH,D,220707,000000,3965,4010,3940,3956,339066
LKOH,D,220708,000000,3957,3980,3902.5,3911,359269
LKOH,D,220711,000000,3901,3920,3802.5,3848.5,538294
LKOH,D,220712,000000,3829,3846,3713,3752,501948
LKOH,D,220713,000000,3756.5,3767,3619,3645.5,585122
LKOH,D,220714,000000,3645,3710,3551,3608,609273
LKOH,D,220715,000000,3632,3710,3580,3709,459527
LKOH,D,220718,000000,3721.5,3777,3613,3645,383975
LKOH,D,220719,000000,3647,3654.5,3567,3600,306593
LKOH,D,220720,000000,3601.5,3664,3556.5,3580,349938
LKOH,D,220721,000000,3577,3577.5,3482.5,3539.5,484571
LKOH,D,220722,000000,3553,3688,3551,3688,574446
LKOH,D,220725,000000,3672.5,3709.5,3637,3669,369214
LKOH,D,220726,000000,3694,3825,3675.5,3825,543455
LKOH,D,220727,000000,3837.5,3878,3810,3847.5,486820
LKOH,D,220728,000000,3870,3885,3770,3831,422581
LKOH,D,220729,000000,3830,3880,3809.5,3877,275835
LKOH,D,220801,000000,3883,4030,3825.5,3931,1009710
LKOH,D,220802,000000,3930.5,3965.5,3795,3823,584584
LKOH,D,220803,000000,3823,3855,3784,3799,397722
LKOH,D,220804,000000,3799,3816,3712,3720,374174
LKOH,D,220805,000000,3722,3746,3659.5,3679.5,378870
LKOH,D,220808,000000,3780,3819,3720,3720,354293
LKOH,D,220809,000000,3721,3895,3701.5,3895,456155
LKOH,D,220810,000000,3895.5,3910,3825,3890,451261
LKOH,D,220811,000000,3895.5,3963,3875,3925,499631
LKOH,D,220812,000000,3936,3979,3901,3940.5,398604
LKOH,D,220815,000000,3942,4005,3904.5,3959,343918
LKOH,D,220816,000000,3976.5,4025,3936,4018,430849
LKOH,D,220817,000000,4022,4044,3907,3907,501586
LKOH,D,220818,000000,3907,3942,3878,3920,320632
LKOH,D,220819,000000,3935.5,3974,3894,3972,378100
LKOH,D,220822,000000,3968,4028.5,3944.5,4017,395759
LKOH,D,220823,000000,4023,4099,4016,4098,400005
LKOH,D,220824,000000,4104,4128,4066,4117,305387
LKOH,D,220825,000000,4122.5,4143.5,4047,4055,402007
LKOH,D,220826,000000,4060,4115,4046.5,4115,279717
LKOH,D,220829,000000,4110.5,4207,4088.5,4186,450055
LKOH,D,220830,000000,4197.5,4220,4120,4140,492383
LKOH,D,220831,000000,4290,4300,4161.5,4270,1275668
LKOH,D,220901,000000,4250.5,4773,4221,4722,2447831
LKOH,D,220902,000000,4661,4714.5,4556,4595,1752377
LKOH,D,220905,000000,4620,4690,4483,4658,1124415
LKOH,D,220906,000000,4660,4666.5,4410.5,4545,1090300
LKOH,D,220907,000000,4542,4542,4420,4420,805353
LKOH,D,220908,000000,4400,4432.5,4376,4410,423825
LKOH,D,220909,000000,4429.5,4500,4401.5,4470,514328
LKOH,D,220912,000000,4460,4591.5,4426.5,4560,617887
LKOH,D,220913,000000,4570,4588.5,4510,4542.5,410899
LKOH,D,220914,000000,4532,4548,4403.5,4472,794850
LKOH,D,220915,000000,4470.5,4558,4436,4530,603254
LKOH,D,220916,000000,4537.5,4580,4475,4519,477618
LKOH,D,220919,000000,4520,4548,4445,4496,349836
LKOH,D,220920,000000,4477,4494,3830,4055,2617746
LKOH,D,220921,000000,3622.5,4044,3622.5,3955,1473839
LKOH,D,220922,000000,3951.5,4095.5,3951.5,4011,729792
LKOH,D,220923,000000,4014,4037,3875,3948.5,952243
LKOH,D,220926,000000,3856,3882,3605.5,3708,1474555
LKOH,D,220927,000000,3786.5,3924,3715,3865,817686
LKOH,D,220928,000000,3839.5,3967,3806.5,3907.5,659043
LKOH,D,220929,000000,3942,3958,3809,3882.5,752363
LKOH,D,220930,000000,3897.5,4088,3750,3965,851600
LKOH,D,221003,000000,3980,4092,3912.5,4077,543431
LKOH,D,221004,000000,4098,4140,3961.5,4094,672413
LKOH,D,221005,000000,4086,4189,4000,4102.5,827000
LKOH,D,221006,000000,4116,4158,4010,4041,472546
LKOH,D,221007,000000,4024,4030,3850,3875,576064
LKOH,D,221010,000000,3778,4069,3757,4035,824990
LKOH,D,221011,000000,4040,4188,4012.5,4170,664524
LKOH,D,221012,000000,4184,4280,4135,4149,796900
LKOH,D,221013,000000,4150,4261.5,4118,4185.5,635612
LKOH,D,221014,000000,4199,4203,4090,4139,484858
LKOH,D,221017,000000,4150,4220,4113,4212.5,515136
LKOH,D,221018,000000,4250,4359,4207,4240,759619
LKOH,D,221019,000000,4211,4277,4106.5,4204.5,931135
LKOH,D,221020,000000,4215,4400,4180.5,4380.5,1048956
LKOH,D,221021,000000,4399,4462,4350.5,4433,851650
LKOH,D,221024,000000,4474,4491,4385.5,4439.5,629383
LKOH,D,221025,000000,4465,4579.5,4436,4569.5,649858
LKOH,D,221026,000000,4574,4624,4512.5,4613.5,667627
LKOH,D,221027,000000,4623.5,4746.5,4592,4724,788125
LKOH,D,221028,000000,4712,4800,4516,4700.5,2322687
LKOH,D,221031,000000,4730,4765,4659,4695.5,641281
LKOH,D,221101,000000,4725,4729.5,4660,4700,340130
LKOH,D,221102,000000,4710,4788,4626.5,4670,999164
LKOH,D,221103,000000,4671,4687,4620,4687,554884
LKOH,D,221107,000000,4715,4732,4695,4723.5,678096
LKOH,D,221108,000000,4723.5,4725,4688,4697.5,340660
LKOH,D,221109,000000,4697.5,4713,4600,4632,482655
LKOH,D,221110,000000,4633.5,4694.5,4625.5,4681,482801
LKOH,D,221111,000000,4690,4694,4648.5,4670,368040
LKOH,D,221114,000000,4681,4684.5,4654,4658.5,369108
LKOH,D,221115,000000,4660,4676,4427,4565,857314
LKOH,D,221116,000000,4596,4670,4576.5,4661.5,415157
LKOH,D,221117,000000,4662,4666,4602,4621,260075
LKOH,D,221118,000000,4583.5,4641,4583.5,4623,248612
LKOH,D,221121,000000,4625,4625,4555,4605.5,419374
LKOH,D,221122,000000,4607.5,4646.5,4581,4618,324843
LKOH,D,221123,000000,4625,4719,4610,4679,611217
LKOH,D,221124,000000,4680,4707,4653,4664,220840
LKOH,D,221125,000000,4665,4678.5,4635,4669,234101
LKOH,D,221128,000000,4646.5,4657,4590,4624,456997
LKOH,D,221129,000000,4631.5,4648,4595,4602,455913
LKOH,D,221130,000000,4604.5,4618,4584,4614.5,335321
LKOH,D,221201,000000,4618,4623.5,4572.5,4599.5,322657
LKOH,D,221202,000000,4590,4598,4574,4577.5,320122
LKOH,D,221205,000000,4589.5,4649,4575,4619,914243
LKOH,D,221206,000000,4632.5,4633,4586,4603.5,435963
LKOH,D,221207,000000,4611,4612,4580,4592.5,263182
LKOH,D,221208,000000,4600,4602,4565,4578,284096
LKOH,D,221209,000000,4583.5,4586,4570,4583,224280
LKOH,D,221212,000000,4593,4607,4575,4583.5,324101
LKOH,D,221213,000000,4595,4595,4560,4577.5,411238
LKOH,D,221214,000000,4579,4604,4560,4590.5,557335
LKOH,D,221215,000000,4590.5,4599.5,4511,4521,721518
LKOH,D,221216,000000,4525,4590,4501,4580,632828
LKOH,D,221219,000000,4585,4625,4530.5,4625,1252262
LKOH,D,221220,000000,4146,4146,3883.5,4076,1869037
LKOH,D,221221,000000,4085,4095,3997,4040.5,697331
LKOH,D,221222,000000,4050,4058.5,4017,4027.5,426735
LKOH,D,221223,000000,4022,4024.5,3985,4010.5,412953
LKOH,D,221226,000000,4014,4047,4000,4010,379388
LKOH,D,221227,000000,4020,4035,4011,4028.5,391901
LKOH,D,221228,000000,4033,4040,4010,4015.5,374687
LKOH,D,221229,000000,4019,4035,4015.5,4022,273701
LKOH,D,221230,000000,4029.5,4088,4022.5,4069.5,453881
LKOH,D,230103,000000,4082,4139,4075.5,4123.5,319378
LKOH,D,230104,000000,4124,4165.5,4090,4116,404857
LKOH,D,230105,000000,4121,4127,4081.5,4087,175380
LKOH,D,230106,000000,4088,4118,4085,4089,239592
LKOH,D,230109,000000,4105,4123,4093,4110,355072
LKOH,D,230110,000000,4100,4104,4063.5,4079,286426
LKOH,D,230111,000000,4079.5,4099,4065.5,4090.5,263948
LKOH,D,230112,000000,4091,4094,4071,4078.5,173973
LKOH,D,230113,000000,4079,4090,4068,4074,222545
LKOH,D,230116,000000,4078.5,4096.5,4045,4052,462722
LKOH,D,230117,000000,4054,4060.5,4015,4025,326109
LKOH,D,230118,000000,4038,4049,4012,4021,269871
LKOH,D,230119,000000,4019.5,4020,3974,3981,413926
LKOH,D,230120,000000,3983.5,3995,3925,3944,382012
LKOH,D,230123,000000,3950,3979.5,3944.5,3972.5,339589
LKOH,D,230124,000000,3986,3990,3930.5,3942.5,295072
LKOH,D,230125,000000,3945.5,3960,3900.5,3923.5,541599
LKOH,D,230126,000000,3924,3935,3901.5,3911,325699
LKOH,D,230127,000000,3911,3920,3892.5,3917,473069
LKOH,D,230130,000000,3929,3954,3917,3947.5,319695
LKOH,D,230131,000000,3947.5,3972.5,3925.5,3955,377214
LKOH,D,230201,000000,3959.5,3989,3935,3955.5,354282
LKOH,D,230202,000000,3955.5,3960,3900.5,3918.5,567575
LKOH,D,230203,000000,3917.5,3920,3880,3907.5,550188
LKOH,D,230206,000000,3910,3946.5,3902,3941,411987
LKOH,D,230207,000000,3951,3977,3931,3968,388976
LKOH,D,230208,000000,3978,3998.5,3903,3930.5,532879
LKOH,D,230209,000000,3949,3960,3907.5,3914,294748
LKOH,D,230210,000000,3915,3969.5,3903.5,3921.5,314135
LKOH,D,230213,000000,3940,3948,3911,3928.5,280972
LKOH,D,230214,000000,3930,3937,3905,3914.5,287305
LKOH,D,230215,000000,3903,3906,3800,3829,699575
LKOH,D,230216,000000,3840,3873.5,3811.5,3830,340246
LKOH,D,230217,000000,3829,3860,3802.5,3840,249831
LKOH,D,230220,000000,3846,3927.5,3804,3905,450825
LKOH,D,230221,000000,3912,3950,3901.5,3914.5,373178
LKOH,D,230222,000000,3915.5,3925,3873,3909.5,195478
LKOH,D,230224,000000,3916,3925,3880,3901,123577
LKOH,D,230227,000000,3884.5,3920,3881.5,3903,316428
LKOH,D,230228,000000,3905.5,4021,3903,3990,1173447
LKOH,D,230301,000000,4012,4060,3978,4056,826499
LKOH,D,230302,000000,4056.5,4078,3966,4004,1011664
LKOH,D,230303,000000,4003,4048,4001.5,4030.5,466591
LKOH,D,230306,000000,4048,4129,4045.5,4111.5,764914
LKOH,D,230307,000000,4115.5,4138,4090,4125,445473
LKOH,D,230309,000000,4124.5,4136,4099,4105,368232
LKOH,D,230310,000000,4088,4111,4035,4085,409316
LKOH,D,230313,000000,4092.5,4120,4039,4066,457920
LKOH,D,230314,000000,4059.5,4095,4044,4063,362937
LKOH,D,230315,000000,4077,4079,4009,4022,539062
LKOH,D,230316,000000,4013,4092,4011,4084,627095
LKOH,D,230317,000000,4094.5,4140,4073,4111.5,921050
LKOH,D,230320,000000,4126,4247.5,4090.5,4228.5,960037
LKOH,D,230321,000000,4230.5,4287.5,4167.5,4216.5,885563
LKOH,D,230322,000000,4215,4254,4184,4192.5,419319
LKOH,D,230323,000000,4198,4215,4159,4177.5,373050
LKOH,D,230324,000000,4179,4221,4158,4206.5,242163
LKOH,D,230327,000000,4230,4343.5,4217,4322,586095
LKOH,D,230328,000000,4332,4350.5,4271,4320,490009
LKOH,D,230329,000000,4325,4360,4294,4342,421081
LKOH,D,230330,000000,4349.5,4388.5,4320,4382.5,440052
LKOH,D,230331,000000,4380,4389,4280.5,4352.5,674414
LKOH,D,230403,000000,4491,4508.5,4422,4473.5,1115827
LKOH,D,230404,000000,4490,4575.5,4476.5,4510.5,916823
LKOH,D,230405,000000,4506,4545,4460,4540,557591
LKOH,D,230406,000000,4543,4623.5,4475.5,4585,936992
LKOH,D,230407,000000,4610.5,4638.5,4520,4637,640089
LKOH,D,230410,000000,4636,4661,4620,4650.5,601426
LKOH,D,230411,000000,4651,4689,4575,4620,897988
LKOH,D,230412,000000,4666.5,4728.5,4630,4670,934788
LKOH,D,230413,000000,4686,4686,4590,4612.5,902928
LKOH,D,230414,000000,4612.5,4629,4553.5,4618,955355
LKOH,D,230417,000000,4660,4670,4629.5,4640,661039
LKOH,D,230418,000000,4649,4658,4583.5,4599.5,885244
LKOH,D,230419,000000,4600,4609.5,4528,4539.5,1232304
LKOH,D,230420,000000,4540,4794.5,4462,4746,3660077
LKOH,D,230421,000000,4759.5,4776.5,4711,4729.5,852949
LKOH,D,230424,000000,4728,4750,4692.5,4710.5,529665
LKOH,D,230425,000000,4713,4720,4678,4689,391428
LKOH,D,230426,000000,4695,4706,4627.5,4659,646371
LKOH,D,230427,000000,4661,4710.5,4655,4700,510329
LKOH,D,230428,000000,4708.5,4710,4641.5,4674.5,540156
LKOH,D,230502,000000,4680,4705,4552,4581,856170
LKOH,D,230503,000000,4580.5,4638,4491,4508.5,1106871
LKOH,D,230504,000000,4522,4564.5,4512.5,4547.5,490588
LKOH,D,230505,000000,4547.5,4557.5,4501.5,4509,433125
LKOH,D,230508,000000,4525,4599.5,4517.5,4564.5,362489
LKOH,D,230510,000000,4560,4716,4559,4716,1002893
LKOH,D,230511,000000,4725,4849.5,4681,4788.5,2367149
LKOH,D,230512,000000,4800.5,4842.5,4751,4819,971091
LKOH,D,230515,000000,4840,5055,4838,5045.5,1869815
LKOH,D,230516,000000,5065,5120,5020.5,5086,1482216
LKOH,D,230517,000000,5094.5,5120,5060.5,5097,690693
LKOH,D,230518,000000,5111,5120,5070,5075,663024
LKOH,D,230519,000000,5070,5078.5,5013,5078.5,668952
LKOH,D,230522,000000,5110.5,5116,5057,5090,465301
LKOH,D,230523,000000,5094,5174,5065,5173,929688
LKOH,D,230524,000000,5183,5215,5142,5192,951502
LKOH,D,230525,000000,5197,5209,5160.5,5203.5,858188
LKOH,D,230526,000000,5206,5298.5,5203,5296.5,977901
LKOH,D,230529,000000,5341.5,5547.5,5332,5538.5,2208293
LKOH,D,230530,000000,5515,5698.5,5461.5,5530,2575463
LKOH,D,230531,000000,5562,5594,5505,5569,1113532
LKOH,D,230601,000000,5570,5685,5540,5684,1757523
LKOH,D,230602,000000,5304,5454,5302,5383,3158627
LKOH,D,230605,000000,5401,5420,5155.5,5166.5,2086409
LKOH,D,230606,000000,5149.5,5175.5,4962.5,5149.5,2192664
LKOH,D,230607,000000,5163,5164,5073,5101,931379
LKOH,D,230608,000000,5100.5,5111,5041,5065,738843
LKOH,D,230609,000000,5082.5,5112.5,5070,5077,520710
LKOH,D,230613,000000,5093,5265.5,5077,5264,1374037
LKOH,D,230614,000000,5298.5,5324,5205.5,5246,918065
LKOH,D,230615,000000,5251.5,5319.5,5226,5302.5,1055627
LKOH,D,230616,000000,5309.5,5330,5243.5,5260.5,570111
LKOH,D,230619,000000,5261.5,5297.5,5177,5194,771084
LKOH,D,230620,000000,5190.5,5194,5081,5150.5,976876
LKOH,D,230621,000000,5152.5,5166.5,5110,5125,644720
LKOH,D,230622,000000,5130,5189,5103,5137,603024
LKOH,D,230623,000000,5125.5,5145,5004,5030,1067154
LKOH,D,230626,000000,5099.5,5114,4965,5048.5,1174443
LKOH,D,230627,000000,5074,5158.5,5031,5138,923731
LKOH,D,230628,000000,5149.5,5155,5082,5108,700255
LKOH,D,230629,000000,5116,5150,5096,5124,740811
LKOH,D,230630,000000,5127,5139,5063,5079,711187
LKOH,D,230703,000000,5099,5123,5080,5095.5,637606
LKOH,D,230704,000000,5106.5,5260,5082,5209,1467137
LKOH,D,230705,000000,5226,5311,5221.5,5298.5,1207873
LKOH,D,230706,000000,5319.5,5390,5304,5347,1403719
LKOH,D,230707,000000,5361.5,5446.5,5326,5439.5,1298195
LKOH,D,230710,000000,5471.5,5505.5,5404,5436,1091876
LKOH,D,230711,000000,5440.5,5449.5,5366.5,5439,688962
LKOH,D,230712,000000,5441,5535,5377.5,5500,1228622
LKOH,D,230713,000000,5530.5,5549.5,5461,5498,719054
LKOH,D,230714,000000,5487,5550,5450,5514,790875
LKOH,D,230717,000000,5493.5,5535,5462.5,5503,765441
LKOH,D,230718,000000,5514,5585,5481,5537.5,1149679
LKOH,D,230719,000000,5544,5568,5495,5518,609703
LKOH,D,230720,000000,5520,5520,5381,5394,863112
LKOH,D,230721,000000,5410,5505,5397.5,5505,642507
LKOH,D,230724,000000,5507.5,5554,5491,5545.5,624794
LKOH,D,230725,000000,5555,5649.5,5532.5,5633.5,1220953
LKOH,D,230726,000000,5636,5665.5,5591,5626,762508
LKOH,D,230727,000000,5637.5,5678,5637.5,5668,632629
LKOH,D,230728,000000,5678,5917,5654.5,5896,1865130
LKOH,D,230731,000000,5952.5,5999.5,5905.5,5938,1547638
LKOH,D,230801,000000,5942,6049,5883,6008,1340576
LKOH,D,230802,000000,6007.5,6123,5960,6069.5,1314265
LKOH,D,230803,000000,6065,6168,6040,6155,997755
LKOH,D,230804,000000,6169,6270,5951.5,6103,2840065
LKOH,D,230807,000000,6176.5,6210,5975,6048.5,1406905
LKOH,D,230808,000000,6038.5,6135,5925,6124.5,1552189
LKOH,D,230809,000000,6129.5,6185,6073,6171.5,940039
LKOH,D,230810,000000,6181.5,6258,6155,6252,1019541
LKOH,D,230811,000000,6265,6287,6205,6284.5,787628
LKOH,D,230814,000000,6321.5,6428,6011.5,6127.5,3030481
LKOH,D,230815,000000,6087.5,6290,6008,6131.5,2268788
LKOH,D,230816,000000,6156,6198,5990.5,6094.5,1989505
LKOH,D,230817,000000,6160,6167,6062,6162,890393
LKOH,D,230818,000000,6166,6285,6122.5,6277.5,916052
LKOH,D,230821,000000,6294.5,6338,6237,6265.5,1187071
LKOH,D,230822,000000,6265.5,6677,6216.5,6606.5,5302103
LKOH,D,230823,000000,6632,6654,6364,6412.5,2937766
LKOH,D,230824,000000,6492,6571.5,6432,6561.5,1227840
LKOH,D,230825,000000,6563.5,6592.5,6513.5,6566,761542
LKOH,D,230828,000000,6574.5,6665,6560,6662,909964
LKOH,D,230829,000000,6670,6780,6636,6779.5,1936444
LKOH,D,230830,000000,6788.5,6900,6760,6837,2161540
LKOH,D,230831,000000,6858,6875,6788,6830,821065
LKOH,D,230901,000000,6839,6848,6784,6819,708296
LKOH,D,230904,000000,6844.5,6870,6825,6850,654846
LKOH,D,230905,000000,6860,6940,6847,6916,1187607
LKOH,D,230906,000000,6915,6916,6832.5,6867.5,762146
LKOH,D,230907,000000,6859.5,6880,6571.5,6666.5,2275417
LKOH,D,230908,000000,6665,6724,6533,6625,1323022
LKOH,D,230911,000000,6624.5,6625,6435,6456,1299088
LKOH,D,230912,000000,6500,6730,6480,6729,1534355
LKOH,D,230913,000000,6737,6739,6576,6610,1121990
LKOH,D,230914,000000,6610,6633,6346,6519,2070981
LKOH,D,230915,000000,6519,6609,6501,6553,1220398
LKOH,D,230918,000000,6595.5,6655,6476,6526,916073
LKOH,D,230919,000000,6525,6560,6326.5,6344,1528284
LKOH,D,230920,000000,6350,6499,6280,6423,1866665
LKOH,D,230921,000000,6402.5,6428,6350,6379,1460955
LKOH,D,230922,000000,6395,6517,6305,6495,1112302
LKOH,D,230925,000000,6500.5,6525,6426,6449,690080
LKOH,D,230926,000000,6429.5,6438,6322,6386,938984
LKOH,D,230927,000000,6412,6500,6404.5,6490,729486
LKOH,D,230928,000000,6502,6645.5,6501.5,6645.5,985054
LKOH,D,230929,000000,6649.5,6700,6603.5,6677,956728
LKOH,D,231002,000000,6716,6797.5,6658.5,6720,1106576
LKOH,D,231003,000000,6720,6784,6636.5,6754.5,952569
LKOH,D,231004,000000,6739,6815,6659.5,6660.5,903629
LKOH,D,231005,000000,6701,6759.5,6645,6721.5,737042
LKOH,D,231006,000000,6745,6797,6717,6797,783900
LKOH,D,231009,000000,6879.5,6895.5,6822,6863.5,1093299
LKOH,D,231010,000000,6870,6880,6822.5,6853.5,550356
LKOH,D,231011,000000,6860.5,7099.5,6835.5,6890.5,3465866
LKOH,D,231012,000000,6862,7154,6848,7120,2709703
LKOH,D,231013,000000,7143,7250,7136,7244,1670853
LKOH,D,231016,000000,7274.5,7349,7234.5,7335,1462218
LKOH,D,231017,000000,7345,7394,7264,7384.5,1629120
LKOH,D,231018,000000,7399,7535,7365,7488,2582611
LKOH,D,231019,000000,7483,7495,7416.5,7486,979245
LKOH,D,231020,000000,7495,7509.5,7405,7491.5,980821
LKOH,D,231023,000000,7510.5,7549,7452.5,7462.5,855125
LKOH,D,231024,000000,7472.5,7487.5,7417,7444,817175
LKOH,D,231025,000000,7430,7444,7207,7437.5,1315853
LKOH,D,231026,000000,7453.5,7498,7211,7228.5,2891242
LKOH,D,231027,000000,7225.5,7338,7136.5,7318,1807918
LKOH,D,231030,000000,7299,7315,7228,7248,763508
LKOH,D,231031,000000,7238.5,7264,7107,7150.5,1019828
LKOH,D,231101,000000,7155,7266,7130.5,7240,610140
LKOH,D,231102,000000,7251.5,7292,7217,7253.5,476815
LKOH,D,231103,000000,7258,7278,7210.5,7238,364260
LKOH,D,231106,000000,7243,7387.5,7221,7376,641531
LKOH,D,231107,000000,7370,7380,7295.5,7333.5,592820
LKOH,D,231108,000000,7341,7373,7277,7295,578796
LKOH,D,231109,000000,7290.5,7307,7221,7260,585245
LKOH,D,231110,000000,7265,7304.5,7238.5,7288.5,496387
LKOH,D,231113,000000,7295.5,7325,7270,7277.5,441753
LKOH,D,231114,000000,7282.5,7285,7165,7200,610832
LKOH,D,231115,000000,7183.5,7257,7138,7224,606927
LKOH,D,231116,000000,7220.5,7236,7120.5,7135.5,555267
LKOH,D,231117,000000,7135,7234,7080.5,7225.5,762755
LKOH,D,231120,000000,7225.5,7226,7161,7194.5,422161
LKOH,D,231121,000000,7180.5,7216,7137.5,7209,481480
LKOH,D,231122,000000,7211.5,7299,7207,7299,677016
LKOH,D,231123,000000,7302,7330,7251.5,7258,390183
LKOH,D,231124,000000,7270,7320,7255,7295,418285
LKOH,D,231127,000000,7301.5,7345,7212,7222.5,605795
LKOH,D,231128,000000,7223.5,7245.5,7161,7238,401191
LKOH,D,231129,000000,7228,7238,7186,7202,302370
LKOH,D,231130,000000,7206,7285.5,7170,7239,608657
LKOH,D,231201,000000,7239,7272.5,7162.5,7175.5,490503
LKOH,D,231204,000000,7169,7199.5,7110.5,7132.5,665356
LKOH,D,231205,000000,7137,7250,7137,7248.5,555796
LKOH,D,231206,000000,7265.5,7275,7051.5,7138,647722
LKOH,D,231207,000000,7145,7173,7071,7092,476699
LKOH,D,231208,000000,7115,7173,7092,7140,424769
LKOH,D,231211,000000,7182.5,7189,6929,6977,1023902
LKOH,D,231212,000000,7006,7100,6813,7014.5,1400532
LKOH,D,231213,000000,7000.5,7062.5,6914,7043.5,570415
LKOH,D,231214,000000,7040,7084.5,6850.5,6860,1218743
LKOH,D,231215,000000,6397.5,6632,6381,6560,2378739
LKOH,D,231218,000000,6580.5,6761.5,6526,6723.5,1261552
LKOH,D,231219,000000,6731,6771,6690,6709,677609
LKOH,D,231220,000000,6710,6849,6696,6735,978630
LKOH,D,231221,000000,6729,6774,6633.5,6702,1034330
LKOH,D,231222,000000,6711.5,6795,6708.5,6732.5,542153
LKOH,D,231225,000000,6748,6784,6730,6744,358965
LKOH,D,231226,000000,6749,6771,6720,6771,430163
LKOH,D,231227,000000,6773.5,6840,6761,6768,496504
LKOH,D,231228,000000,6767.5,6802.5,6725.5,6767,440041
LKOH,D,231229,000000,6773,6778.5,6729,6739,279198
LKOH,D,240103,000000,6770,6805,6745.5,6803.5,200107
LKOH,D,240104,000000,6805,6811.5,6763.5,6771,183174
LKOH,D,240105,000000,6771.5,6794.5,6770.5,6780,107486
LKOH,D,240108,000000,6783.5,6804.5,6756,6766.5,214867
LKOH,D,240109,000000,6780,6942,6750.5,6931,846151
LKOH,D,240110,000000,6933.5,7023,6923,6957,711637
LKOH,D,240111,000000,6965,6995,6930.5,6972.5,422712
LKOH,D,240112,000000,7005.5,7011,6962,6965,404722
LKOH,D,240115,000000,6950,6968.5,6874,6889.5,567394
LKOH,D,240116,000000,6884,6885.5,6826,6857,467771
LKOH,D,240117,000000,6859,6919.5,6830,6910,305046
LKOH,D,240118,000000,6921.5,6930,6846,6857.5,279053
LKOH,D,240119,000000,6860,6883,6800.5,6834.5,336169
LKOH,D,240122,000000,6830,6859,6815.5,6840,200101
LKOH,D,240123,000000,6840.5,6850,6782,6799.5,354955
LKOH,D,240124,000000,6797,6828,6754,6795,469428
LKOH,D,240125,000000,6810.5,6819.5,6760.5,6809,320855
LKOH,D,240126,000000,6825,6920,6801,6901,674424
LKOH,D,240129,000000,6917.5,6975,6911,6943,590347
LKOH,D,240130,000000,6946,7007,6933,6994,649664
LKOH,D,240131,000000,7001,7122,7001,7090.5,940842
LKOH,D,240201,000000,7103.5,7145,7059,7093.5,575354
LKOH,D,240202,000000,7094,7127,7050,7114,573644
LKOH,D,240205,000000,7096.5,7185,7094,7137.5,535071
LKOH,D,240206,000000,7145,7171,7115,7163,341917
LKOH,D,240207,000000,7170,7272.5,7160.5,7265,780871
LKOH,D,240208,000000,7270.5,7288,7191,7231.5,640712
LKOH,D,240209,000000,7233.5,7260,7182.5,7238.5,346403
LKOH,D,240212,000000,7240,7280,7223,7280,314278
LKOH,D,240213,000000,7297.5,7311,7231,7269,484883
LKOH,D,240214,000000,7275,7283,7200.5,7220.5,338867
LKOH,D,240215,000000,7219.5,7295,7184,7282.5,392627
LKOH,D,240216,000000,7293.5,7300,7205,7224.5,509264
LKOH,D,240219,000000,7232.5,7240.5,7187.5,7188,400770
LKOH,D,240220,000000,7187.5,7192.5,7070.5,7081,689787
LKOH,D,240221,000000,7080,7115,6962,6990.5,1054665
LKOH,D,240222,000000,7003,7040,6970,7021.5,671791
LKOH,D,240226,000000,7150.5,7178.5,7103.5,7164,607269
LKOH,D,240227,000000,7159,7163,7104,7141.5,341004
LKOH,D,240228,000000,7150,7276,7130.5,7261.5,735242
LKOH,D,240229,000000,7263,7402,7220,7378,1140562
LKOH,D,240301,000000,7387.5,7464,7372.5,7463.5,971175
LKOH,D,240304,000000,7477.5,7534,7351.5,7511.5,1910090
LKOH,D,240305,000000,7516,7544.5,7430.5,7499.5,1037416
LKOH,D,240306,000000,7499.5,7561.5,7470,7483,856812
LKOH,D,240307,000000,7489,7517,7457,7513,425468
LKOH,D,240311,000000,7536.5,7592.5,7523.5,7554.5,647248
LKOH,D,240312,000000,7536,7575.5,7481.5,7536.5,1106207
LKOH,D,240313,000000,7537.5,7554.5,7409.5,7426,1229707
LKOH,D,240314,000000,7426.5,7434.5,7320,7370,1388399
LKOH,D,240315,000000,7365.5,7404,7336.5,7380,785928
LKOH,D,240318,000000,7393.5,7397.5,7309.5,7344,599138
LKOH,D,240319,000000,7348.5,7348.5,7250,7333.5,1160862
LKOH,D,240320,000000,7337.5,7460,7337.5,7438.5,1157333
LKOH,D,240321,000000,7450,7454.5,7370,7417.5,646582
LKOH,D,240322,000000,7420.5,7538,7184.5,7303,3496505
LKOH,D,240325,000000,7306,7452,7303,7438,873744
LKOH,D,240326,000000,7455,7455,7380,7419,560527
LKOH,D,240327,000000,7425.5,7497,7404.5,7493,519597
LKOH,D,240328,000000,7495,7517,7430.5,7481,497720
LKOH,D,240329,000000,7482,7578,7460,7551,704938
LKOH,D,240401,000000,7574,7666,7573,7665,740045
LKOH,D,240402,000000,7675.5,7689,7625,7654,382453
LKOH,D,240403,000000,7654,7699,7641,7686.5,316041
LKOH,D,240404,000000,7687.5,7783.5,7678,7727.5,737851
LKOH,D,240405,000000,7732,7777.5,7654,7662.5,1057336
LKOH,D,240408,000000,7700,7777,7662.5,7767,657279
LKOH,D,240409,000000,7769,7844,7740,7786.5,853846
LKOH,D,240410,000000,7800,7837,7755,7825,386605
LKOH,D,240411,000000,7830,7870,7827,7836.5,412878
LKOH,D,240412,000000,7840,7865,7785,7839.5,477383
LKOH,D,240415,000000,7852.5,7931,7849.5,7920.5,542040
LKOH,D,240416,000000,7926.5,7926.5,7870,7897,413353
LKOH,D,240417,000000,7897.5,7918,7855.5,7886,442141
LKOH,D,240418,000000,7887,7897.5,7800,7840,538963
LKOH,D,240419,000000,7860,7868.5,7790,7835.5,633337
LKOH,D,240422,000000,7836,7878,7803,7827.5,668215
LKOH,D,240423,000000,7846,7886.5,7806,7840,512848
LKOH,D,240424,000000,7846.5,7854,7803.5,7820.5,349160
LKOH,D,240425,000000,7820.5,7831.5,7809.5,7827.5,306205
LKOH,D,240426,000000,7828,7940,7810,7929.5,776559
LKOH,D,240427,000000,7931,8018.5,7931,8002.5,654038
LKOH,D,240429,000000,8017.5,8161.5,8016,8152,600543
LKOH,D,240430,000000,8152.5,8175,8080,8085.5,433935
LKOH,D,240502,000000,8096.5,8125,8037,8104.5,563870
LKOH,D,240503,000000,8096.5,8100,8010,8075.5,569435
LKOH,D,240506,000000,8075,8089,7901,8026.5,2567901
LKOH,D,240507,000000,7593.5,7763.5,7574,7722.5,2387226
LKOH,D,240508,000000,7754,7772,7691,7714,681279
LKOH,D,240510,000000,7720.5,7726,7710,7713.5,217627
LKOH,D,240513,000000,7726.5,7732,7676,7689,502892
LKOH,D,240514,000000,7692,7710,7670,7672,495668
LKOH,D,240515,000000,7676.5,7692,7640,7655.5,450751
LKOH,D,240516,000000,7655.5,7724.5,7633,7715,517693
LKOH,D,240517,000000,7730,7871.5,7729,7854.5,1010222
LKOH,D,240520,000000,7893,7938,7752,7834.5,861814
LKOH,D,240521,000000,7835.5,7900,7788,7848,735395
LKOH,D,240522,000000,7849.5,7879,7805,7820,438149
LKOH,D,240523,000000,7820.5,7861,7777.5,7841.5,498340
LKOH,D,240524,000000,7841,7858.5,7701,7720,853847
LKOH,D,240527,000000,7719.5,7750,7479,7541.5,1140531
LKOH,D,240528,000000,7557,7700,7431,7590,869716
LKOH,D,240529,000000,7600,7689,7582.5,7684,401053
LKOH,D,240530,000000,7698,7722.5,7551,7567,537288
LKOH,D,240531,000000,7567,7607,7301,7355.5,1154527
LKOH,D,240603,000000,7395,7479.5,7161,7252,1667040
LKOH,D,240604,000000,7248,7454.5,7185,7426,1043533
LKOH,D,240605,000000,7430.5,7544,7377,7412.5,752849
LKOH,D,240606,000000,7426.5,7478.5,7351,7398,406216
LKOH,D,240607,000000,7403,7599,7403,7489,1063003
LKOH,D,240610,000000,7518.5,7523.5,7261,7315,783642
LKOH,D,240611,000000,7315,7370,7235,7290,698202
LKOH,D,240613,000000,7050,7276,6923,7178.5,1262579
LKOH,D,240614,000000,7192,7403.5,7181.5,7368,735284
LKOH,D,240617,000000,7376,7390.5,7202,7203,610864
LKOH,D,240618,000000,7203.5,7234,6993.5,7036,1017900
LKOH,D,240619,000000,7044.5,7107.5,6806,6885,1392348
LKOH,D,240620,000000,6885.5,7171,6633.5,7112.5,4611639
LKOH,D,240621,000000,7124,7191.5,7024,7084,898961
LKOH,D,240624,000000,7070,7125,7032.5,7051.5,712700
LKOH,D,240625,000000,7075,7246.5,7002,7204,737974
LKOH,D,240626,000000,7221,7313,7194.5,7275,741161
LKOH,D,240627,000000,7280,7293,7161,7227,667392
LKOH,D,240628,000000,7226,7271.5,7172,7211,403538
LKOH,D,240701,000000,7210,7330,7190,7326,506189
LKOH,D,240702,000000,7335,7358,7285,7309.5,611741
LKOH,D,240703,000000,7320.5,7321,7220,7230.5,435862
LKOH,D,240704,000000,7224.5,7260,7080,7109.5,756976
LKOH,D,240705,000000,7110,7255,7035,7201,1424525
LKOH,D,240708,000000,7231,7255,7080.5,7097,682650
LKOH,D,240709,000000,7100,7121.5,6930,6941,911854
LKOH,D,240710,000000,6939,6978,6681,6689,1697291
LKOH,D,240711,000000,6689.5,6995.5,6681,6969.5,1319605
LKOH,D,240712,000000,6992.5,7046,6830.5,6908,776445
LKOH,D,240715,000000,6924,6925,6771,6827,782718
LKOH,D,240716,000000,6820,6898.5,6727.5,6881,952159
LKOH,D,240717,000000,6881,6905,6788,6814,576994
LKOH,D,240718,000000,6813,6950,6760,6931.5,554122
LKOH,D,240719,000000,6930,6991.5,6871.5,6913,615989
LKOH,D,240722,000000,6957.5,7025,6934.5,7008,748040
LKOH,D,240723,000000,7008.5,7023,6950,6973,493367
LKOH,D,240724,000000,6962.5,7025,6933,6939.5,736887
LKOH,D,240725,000000,6941,6965,6884.5,6902.5,433180
LKOH,D,240726,000000,6906,6984,6859.5,6890,1504749
LKOH,D,240729,000000,6891,6892.5,6706.5,6727.5,1643969
LKOH,D,240730,000000,6727,6830,6705,6805.5,1186395
LKOH,D,240731,000000,6822,6830,6731,6759.5,886871
LKOH,D,240801,000000,6759,6770,6678,6687,809177
LKOH,D,240802,000000,6680,6715,6577,6591,803288
LKOH,D,240805,000000,6495,6543.5,6336.5,6417.5,2080850
LKOH,D,240806,000000,6477,6498,6356,6447,857740
LKOH,D,240807,000000,6449.5,6548.5,6357.5,6505,1237102
LKOH,D,240808,000000,6515,6551.5,6403,6410.5,934120
LKOH,D,240809,000000,6420,6489.5,6385,6408.5,586528
LKOH,D,240812,000000,6406,6462,6311,6448.5,980170
LKOH,D,240813,000000,6461,6469.5,6410.5,6444.5,805551
LKOH,D,240814,000000,6449,6539,6371.5,6385,1230958
LKOH,D,240815,000000,6395,6418,6334,6347,687640
LKOH,D,240816,000000,6350.5,6360,6226.5,6239.5,887467
LKOH,D,240819,000000,6254.5,6284,6103.5,6138.5,1231451
LKOH,D,240820,000000,6140.5,6248,6050,6147.5,1503069
LKOH,D,240821,000000,6154.5,6325,6107,6309.5,1956847
LKOH,D,240822,000000,6314,6538.5,6278,6419,3932856
LKOH,D,240823,000000,6420,6472,6320,6428,1502560
LKOH,D,240826,000000,6590,6677,6506,6645,1887396
LKOH,D,240827,000000,6644,6680,6458,6526.5,1117345
LKOH,D,240828,000000,6520,6522.5,6302.5,6389,1519495
LKOH,D,240829,000000,6401,6411,6250.5,6324,1585370
LKOH,D,240830,000000,6330,6334,6118,6145,1547109
LKOH,D,240902,000000,6135,6205,6040.5,6115,2107448
