<TICKER>,<PER>,<DATE>,<TIME>,<OPEN>,<HIGH>,<LOW>,<CLOSE>,<VOL>
MOEXOG,D,200103,000000,8789.86,8883.83,8788.59,8853.65,22093556077
MOEXOG,D,200106,000000,8872.88,8878.2,8827.28,8875.51,21928498581
MOEXOG,D,200108,000000,8892.73,8995.44,8871.71,8963.74,24509563887
MOEXOG,D,200109,000000,8946.38,9051.84,8913.4,9039.14,24551643568
MOEXOG,D,200110,000000,9023.92,9080.36,8985.64,9037.75,21060352388
MOEXOG,D,200113,000000,9047.19,9075.59,9006.6,9061.6,23499975611
MOEXOG,D,200114,000000,9088.81,9113.04,8976.39,9003.21,23969476385
MOEXOG,D,200115,000000,8962.8,9062.26,8932.63,8991.93,27760295781
MOEXOG,D,200116,000000,9021.98,9061.33,9017.37,9045.27,24519121591
MOEXOG,D,200117,000000,9052.81,9147.05,9044.92,9092.93,29042517405
MOEXOG,D,200120,000000,9127.12,9178.69,9105.52,9118.11,19351237508
MOEXOG,D,200121,000000,9083.79,9089.85,9024.12,9071.23,22293699809
MOEXOG,D,200122,000000,9095.52,9104.61,8894.05,8896.59,33710719747
MOEXOG,D,200123,000000,8841.39,8873.85,8746.97,8768.84,38362593648
MOEXOG,D,200124,000000,8804.69,8841.52,8731.75,8752.39,28039921342
MOEXOG,D,200127,000000,8622.96,8691.05,8561.35,8573.01,41717251483
MOEXOG,D,200128,000000,8623.14,8653.07,8500.52,8644.03,36471588175
MOEXOG,D,200129,000000,8686.35,8732.43,8645.41,8679.48,30256664774
MOEXOG,D,200130,000000,8607.13,8666.67,8598.43,8617.07,32894207748
MOEXOG,D,200131,000000,8694.41,8722.56,8509.71,8509.71,40898361123
MOEXOG,D,200203,000000,8463.6,8515.25,8420.02,8433.51,43121820430
MOEXOG,D,200204,000000,8460.52,8541.55,8389.95,8518.56,38938045462
MOEXOG,D,200205,000000,8528.05,8633.92,8438.87,8541.73,39923045103
MOEXOG,D,200206,000000,8616.5,8628.44,8415.87,8465.52,27158044055
MOEXOG,D,200207,000000,8482.95,8498.71,8279.51,8346.5,35356234515
MOEXOG,D,200210,000000,8341.09,8343.32,8199.29,8231.68,29547072471
MOEXOG,D,200211,000000,8311.36,8383.57,8248.75,8356.07,43703360176
MOEXOG,D,200212,000000,8386.28,8472.63,8379.95,8472.63,41907542308
MOEXOG,D,200213,000000,8449.94,8459.58,8389.65,8425.49,24773131354
MOEXOG,D,200214,000000,8445.2,8467.62,8358.32,8408.06,20200285766
MOEXOG,D,200217,000000,8428.29,8491.25,8414.5,8491.25,15101546106
MOEXOG,D,200218,000000,8469.65,8478.8,8307.63,8343.03,26595981117
MOEXOG,D,200219,000000,8407.57,8491.17,8374.27,8481.11,23319931138
MOEXOG,D,200220,000000,8513.1,8567.8,8496.03,8504.69,24629254235
MOEXOG,D,200221,000000,8445.36,8486.92,8401.34,8401.34,20560993030
MOEXOG,D,200225,000000,8268.79,8301.89,8091.88,8091.88,35261510159
MOEXOG,D,200226,000000,8048.24,8114.25,7945.78,8093.59,44868928127
MOEXOG,D,200227,000000,7954.46,8022.27,7720.65,7730.44,47915992726
MOEXOG,D,200228,000000,7504.49,7509.67,7278.41,7415.55,78567165994
MOEXOG,D,200302,000000,7555.1,7649.92,7263.24,7365.35,63414718127
MOEXOG,D,200303,000000,7561.89,7594.75,7427.06,7513.67,47195585569
MOEXOG,D,200304,000000,7427.27,7595.98,7397.79,7575.91,38902619402
MOEXOG,D,200305,000000,7644,7661.29,7463.74,7509.88,33213745009
MOEXOG,D,200306,000000,7357.14,7421.08,7121.52,7207.13,55870132749
MOEXOG,D,200310,000000,6373.83,6872.19,6251.67,6407.07,116990839012
MOEXOG,D,200311,000000,6517.89,6536.31,6281.53,6389.58,60334360502
MOEXOG,D,200312,000000,6106.36,6186.83,5858.14,5882.72,70689165977
MOEXOG,D,200313,000000,5867.41,6112.78,5766.16,5766.16,67860889444
MOEXOG,D,200316,000000,5655.08,5723.79,5477.94,5679.35,51479011504
MOEXOG,D,200317,000000,5683.01,5793.09,5451.27,5565.36,45363830965
MOEXOG,D,200318,000000,5490.39,5492.32,5182.28,5209.83,51587491531
MOEXOG,D,200319,000000,5297.61,5775.97,5115.7,5743.78,68470709780
MOEXOG,D,200320,000000,5979.5,6169.15,5843.98,5886.92,73233435947
MOEXOG,D,200323,000000,5636.61,5881.13,5587.97,5726.73,55872891741
MOEXOG,D,200324,000000,6087.31,6192.09,5961.48,6135.1,46758100121
MOEXOG,D,200325,000000,6274.6,6421.95,6052.52,6292.39,63453758056
MOEXOG,D,200326,000000,6244.7,6497.35,6146.87,6417.58,44433247440
MOEXOG,D,200327,000000,6425.82,6447.24,6022.59,6136.15,36362082095
MOEXOG,D,200330,000000,6079.3,6194.77,6002.67,6166.82,34660326294
MOEXOG,D,200331,000000,6318.7,6476.58,6262.49,6472.72,47982368221
MOEXOG,D,200401,000000,6318.86,6492.06,6311.32,6442.89,34881619827
MOEXOG,D,200402,000000,6657.83,6863.43,6503.11,6785.32,68004654083
MOEXOG,D,200403,000000,6822.15,7053.35,6768.86,6930.67,66783672888
MOEXOG,D,200406,000000,7028.97,7062.74,6913.44,7009.21,41027928130
MOEXOG,D,200407,000000,7115.01,7151.34,6919.32,6965,46799362835
MOEXOG,D,200408,000000,6908,7036.04,6879.72,7036.04,34742887467
MOEXOG,D,200409,000000,7099.38,7180.06,6939.06,7124.62,53102094643
MOEXOG,D,200410,000000,7001.3,7049.88,6989.55,7045.12,15146060698
MOEXOG,D,200413,000000,7038.68,7045.21,6846.48,6877.88,18979639369
MOEXOG,D,200414,000000,6963.6,6974.79,6721.29,6760.89,33895582921
MOEXOG,D,200415,000000,6694.11,6694.11,6330.19,6373.74,42495302969
MOEXOG,D,200416,000000,6378.89,6532.59,6260.2,6412.68,46918673524
MOEXOG,D,200417,000000,6533.24,6542.51,6440.62,6476.33,28246306512
MOEXOG,D,200420,000000,6446.92,6499.22,6349.32,6384.15,30639589215
MOEXOG,D,200421,000000,6226.75,6320.87,6123.71,6276.21,51363257180
MOEXOG,D,200422,000000,6221.02,6585.71,6221.02,6559.71,47824428323
MOEXOG,D,200423,000000,6652.03,6700.98,6519.12,6648.52,38621454597
MOEXOG,D,200424,000000,6602.3,6612.82,6496.59,6522.07,28014775281
MOEXOG,D,200427,000000,6527.1,6609.06,6476.2,6503.86,22244217901
MOEXOG,D,200428,000000,6515.54,6743.17,6489.32,6642.4,38395058825
MOEXOG,D,200429,000000,6662.43,6833.65,6658.15,6819.67,39735087466
MOEXOG,D,200430,000000,6894.5,6939.54,6689.56,6743.76,45688525750
MOEXOG,D,200504,000000,6631.73,6730.97,6586.84,6682.93,23923083275
MOEXOG,D,200505,000000,6819.33,6842.46,6749.24,6818.02,25683966061
MOEXOG,D,200506,000000,6835.1,6867.64,6696.52,6719.13,34629849685
MOEXOG,D,200507,000000,6711.09,6801.1,6696.09,6710.37,33915566855
MOEXOG,D,200508,000000,6727.4,6759.44,6628.98,6741.76,27154113921
MOEXOG,D,200512,000000,6731.42,6784.16,6692.92,6756.21,25772891138
MOEXOG,D,200513,000000,6699.17,6712.28,6617.68,6617.68,22653007608
MOEXOG,D,200514,000000,6580.26,6704.27,6549.78,6696.67,30047668415
MOEXOG,D,200515,000000,6791.11,6816.72,6710.66,6710.66,32682215042
MOEXOG,D,200518,000000,6781.95,7018.84,6781.95,7003.54,44730413587
MOEXOG,D,200519,000000,7040.29,7088.21,6976.28,7050.83,38233026484
MOEXOG,D,200520,000000,7017.55,7251.61,7004.84,7236.56,46872668657
MOEXOG,D,200521,000000,7233.28,7297.05,6969.1,7014.45,52303616308
MOEXOG,D,200522,000000,6942.45,7027.81,6917.31,7007.71,28965568823
MOEXOG,D,200525,000000,7081.8,7158.58,7057.23,7158.58,14888372697
MOEXOG,D,200526,000000,7230.26,7285.73,7152.14,7163.82,34970302322
MOEXOG,D,200527,000000,7123.87,7225.56,6993.08,7086.1,35852413010
MOEXOG,D,200528,000000,7094.22,7167.66,7059.74,7142.48,26012094432
MOEXOG,D,200529,000000,7086.1,7099.75,6941.39,6970.96,78686891407
MOEXOG,D,200601,000000,7078.37,7103.38,6998.3,7037.88,32073437026
MOEXOG,D,200602,000000,7096.75,7176.28,7064.48,7176.28,32922151862
MOEXOG,D,200603,000000,7237.63,7287.26,7161.56,7276.14,45578782042
MOEXOG,D,200604,000000,7268.22,7270.45,7160.5,7175.43,36541143580
MOEXOG,D,200605,000000,7219.4,7291.68,7202.2,7272.01,28571075659
MOEXOG,D,200608,000000,7311.46,7373.72,7232.93,7257.36,33584553406
MOEXOG,D,200609,000000,7307.13,7311.25,7187.97,7295.94,27754035739
MOEXOG,D,200610,000000,7295.07,7320.62,7217.48,7304.05,30777534718
MOEXOG,D,200611,000000,7165.16,7200.37,7087.02,7125.24,31366758266
MOEXOG,D,200615,000000,6923.02,7068.09,6912.63,7039.53,32831389878
MOEXOG,D,200616,000000,7118.31,7212.55,7101.51,7127.88,29679169670
MOEXOG,D,200617,000000,7157.5,7205.3,7065.06,7071.29,24982336849
MOEXOG,D,200618,000000,7047.04,7085.29,6982.01,7063.83,25913264572
MOEXOG,D,200619,000000,7106.4,7176.64,7095.37,7145.72,22448844202
MOEXOG,D,200622,000000,7076.72,7162.4,7045.77,7162.4,20672298861
MOEXOG,D,200623,000000,7182.29,7212.19,7163.07,7200.35,17771256704
MOEXOG,D,200625,000000,7030.48,7081.24,7012.86,7054.16,27172600944
MOEXOG,D,200626,000000,7102.96,7104.57,6986.41,7028.75,21427752077
MOEXOG,D,200629,000000,6996.72,7024.4,6952.15,7017.11,19723402918
MOEXOG,D,200630,000000,7038.69,7042.12,6922.95,6922.95,19359189819
MOEXOG,D,200702,000000,6993.25,7060.78,6990.53,7051.2,19051424962
MOEXOG,D,200703,000000,7048.53,7062.63,7006.25,7052.39,11767149733
MOEXOG,D,200706,000000,7114.92,7173.39,7085.99,7113.92,23387379941
MOEXOG,D,200707,000000,7061.84,7120.34,7051.99,7103.43,19019047756
MOEXOG,D,200708,000000,7076.25,7107.75,7047.29,7070.71,18710561241
MOEXOG,D,200709,000000,7035.31,7045.38,6922.72,6946.06,22932790913
MOEXOG,D,200710,000000,6924.29,6999.74,6892.48,6999.74,16716004782
MOEXOG,D,200713,000000,7018.91,7037.94,6893.27,6896.94,22728086740
MOEXOG,D,200714,000000,6832.67,6849.47,6737.49,6842.78,34127119788
MOEXOG,D,200715,000000,6798.43,6886.31,6777.55,6801.77,30385037011
MOEXOG,D,200716,000000,6819.02,6845.7,6781.71,6836.99,13710767189
MOEXOG,D,200717,000000,6819.12,6857.16,6800.14,6857.16,11575371249
MOEXOG,D,200720,000000,6825.29,6892.94,6801.35,6892.94,14506644632
MOEXOG,D,200721,000000,6916.28,6969.41,6909.38,6933.4,22851497785
MOEXOG,D,200722,000000,6914.54,6960.05,6897.78,6918.94,15610127014
MOEXOG,D,200723,000000,6966.04,6978.74,6902.73,6909.47,14574874171
MOEXOG,D,200724,000000,6849.42,6920.22,6846.01,6915.09,16177706706
MOEXOG,D,200727,000000,6922.5,6926.78,6865.81,6877.26,15577034190
MOEXOG,D,200728,000000,6911.76,6911.76,6854.12,6888.83,15411736808
MOEXOG,D,200729,000000,6868.99,6947.36,6863.79,6946.12,20388801114
MOEXOG,D,200730,000000,6940.87,6947.38,6840.81,6858.7,18070885687
MOEXOG,D,200731,000000,6892.77,6902.68,6861.54,6877.75,17269048594
MOEXOG,D,200803,000000,6880.58,6885.26,6810.95,6810.95,15954580137
MOEXOG,D,200804,000000,6828.93,6842.21,6785.21,6814.6,15307010580
MOEXOG,D,200805,000000,6834.09,6978.95,6828.63,6978.95,30722672533
MOEXOG,D,200806,000000,6987.13,7000.36,6943.05,6983.79,19409514310
MOEXOG,D,200807,000000,6973.78,6987.4,6928.95,6951.14,13340523601
MOEXOG,D,200810,000000,6984.65,7021.85,6964.88,6964.88,12513006082
MOEXOG,D,200811,000000,7001.02,7144.95,7001.02,7125.34,25826395938
MOEXOG,D,200812,000000,7102.23,7241.43,7086.45,7241.43,22322593461
MOEXOG,D,200813,000000,7245.45,7353.85,7210.91,7335.83,23444988024
MOEXOG,D,200814,000000,7351.76,7351.76,7261.48,7325.2,17933438023
MOEXOG,D,200817,000000,7351.6,7377.29,7249.7,7261.68,22891018274
MOEXOG,D,200818,000000,7269.78,7325.81,7235.39,7269.57,15935114747
MOEXOG,D,200819,000000,7273.25,7285.68,7235.29,7245.45,13650989732
MOEXOG,D,200820,000000,7188.94,7200.55,7042.29,7042.29,21524943066
MOEXOG,D,200821,000000,7108.94,7123.98,6994.72,7033.97,17059700053
MOEXOG,D,200824,000000,7066.8,7136.93,7064.96,7129.86,14307502666
MOEXOG,D,200825,000000,7165.23,7171.84,7086.76,7139.37,14553426699
MOEXOG,D,200826,000000,7144.24,7207.4,7120.02,7207.4,16274452367
MOEXOG,D,200827,000000,7216.7,7216.7,7061.42,7088.82,18914346946
MOEXOG,D,200828,000000,7075.09,7079.35,6955.54,6957.88,16245715569
MOEXOG,D,200831,000000,6983.41,7020.33,6882.25,6882.25,23643312141
MOEXOG,D,200901,000000,6910.41,6926.76,6870.41,6889.34,21316262408
MOEXOG,D,200902,000000,6938.36,6960.63,6822.79,6849.92,25419098264
MOEXOG,D,200903,000000,6833.82,6855.75,6748.15,6784.78,26277363955
MOEXOG,D,200904,000000,6758.61,6830.61,6752.48,6796.05,18918066191
MOEXOG,D,200907,000000,6814.35,6818.59,6760.74,6766.57,13883836013
MOEXOG,D,200908,000000,6781.45,6791.64,6643.77,6684.37,24444313145
MOEXOG,D,200909,000000,6667.48,6749.02,6667.48,6690.49,18090534544
MOEXOG,D,200910,000000,6707.97,6729.63,6626.9,6678.04,16734620097
MOEXOG,D,200911,000000,6669.82,6745.7,6650.72,6739.83,14763899160
MOEXOG,D,200914,000000,6760.75,6824.27,6759.77,6771.4,16628821789
MOEXOG,D,200915,000000,6787.4,6938.24,6783.57,6935.99,22739758299
MOEXOG,D,200916,000000,6961.65,6989.66,6840.56,6869.16,24951849376
MOEXOG,D,200917,000000,6833.61,6863.49,6799.36,6852.42,28319475462
MOEXOG,D,200918,000000,6884.13,6884.29,6777.56,6806.81,32054632017
MOEXOG,D,200921,000000,6762.71,6763.78,6551.42,6563.12,29045258684
MOEXOG,D,200922,000000,6587.01,6649.69,6565.52,6588.67,20496345061
MOEXOG,D,200923,000000,6627.13,6636.16,6523.19,6530.41,21021805485
MOEXOG,D,200924,000000,6494.72,6591.29,6457.2,6573.87,22063235587
MOEXOG,D,200925,000000,6580.8,6584.63,6495.8,6539.36,27130355874
MOEXOG,D,200928,000000,6590.17,6639.5,6566.3,6614.88,22373296633
MOEXOG,D,200929,000000,6650.97,6682.37,6534.27,6578.11,25537535662
MOEXOG,D,200930,000000,6574.86,6610.34,6537.73,6548.26,19602286926
MOEXOG,D,201001,000000,6565.52,6579.28,6493.67,6519.69,27688543787
MOEXOG,D,201002,000000,6478.63,6513.31,6443.05,6490.97,17989138386
MOEXOG,D,201005,000000,6529.59,6615.28,6495.48,6608.48,18720952922
MOEXOG,D,201006,000000,6627.77,6721.54,6622.8,6701.13,23950661903
MOEXOG,D,201007,000000,6668.11,6691.76,6554.11,6568.32,23813158652
MOEXOG,D,201008,000000,6606.74,6624.01,6549.93,6587.24,15396570631
MOEXOG,D,201009,000000,6561.26,6565.06,6485.23,6522.32,16895711644
MOEXOG,D,201012,000000,6524.32,6557.15,6510.23,6532.4,14180195494
MOEXOG,D,201013,000000,6530.3,6542.47,6430.54,6438.26,14198152125
MOEXOG,D,201014,000000,6435.99,6474.55,6422.32,6470.92,13185154111
MOEXOG,D,201015,000000,6469.89,6473.84,6359.25,6379.46,19347501074
MOEXOG,D,201016,000000,6378.52,6383.37,6313.58,6361.08,20266957309
MOEXOG,D,201019,000000,6347.06,6356.03,6278.4,6284.09,14244182561
MOEXOG,D,201020,000000,6278.36,6339.74,6248.3,6307.2,18997181199
MOEXOG,D,201021,000000,6336.57,6340.25,6256.02,6258.64,15742418690
MOEXOG,D,201022,000000,6242.93,6307.04,6242.93,6291.58,16168295099
MOEXOG,D,201023,000000,6287.49,6361.73,6287.49,6337.08,14994444865
MOEXOG,D,201026,000000,6308.16,6317.92,6256.03,6256.03,15318493412
MOEXOG,D,201027,000000,6259.25,6267.12,6171.06,6179.1,18546495343
MOEXOG,D,201028,000000,6157.69,6157.69,5940.26,5958.05,33547536728
MOEXOG,D,201029,000000,5985.73,6031.9,5914.1,5994.56,23219514276
MOEXOG,D,201030,000000,5947.89,6004.51,5889.05,5946.19,21577495970
MOEXOG,D,201102,000000,5896.43,6091.83,5873.19,6072.11,26447923228
MOEXOG,D,201103,000000,6151.58,6252.93,6124.44,6230.2,25246346038
MOEXOG,D,201105,000000,6325.21,6438.71,6268.9,6413.72,28868931944
MOEXOG,D,201106,000000,6363.98,6465.45,6337.6,6458.09,21409580853
MOEXOG,D,201109,000000,6520.62,6827.91,6462.59,6827.15,59487297898
MOEXOG,D,201110,000000,6728.19,6953.2,6678.95,6916.24,46078984354
MOEXOG,D,201111,000000,6959.94,7039.9,6957.11,7004.93,43440480196
MOEXOG,D,201112,000000,6894.3,6968.39,6871.66,6967.13,33665741826
MOEXOG,D,201113,000000,6872.61,6969.52,6849.19,6962.91,30211796751
MOEXOG,D,201116,000000,7068.98,7158.15,6993.79,7144.87,37507491505
MOEXOG,D,201117,000000,7158.57,7158.57,6992.57,7113.35,37313354984
MOEXOG,D,201118,000000,7085.23,7254.94,7070.88,7236.22,33797223839
MOEXOG,D,201119,000000,7181.03,7201.03,7121.83,7147.21,24368922908
MOEXOG,D,201120,000000,7151.23,7215.04,7119.92,7186.7,18970619037
MOEXOG,D,201123,000000,7248.71,7313.44,7213.69,7234.72,27229364011
MOEXOG,D,201124,000000,7331.65,7338.51,7242.22,7315.21,28434949324
MOEXOG,D,201125,000000,7366.33,7429.98,7308.9,7429.98,38457325245
MOEXOG,D,201126,000000,7442.24,7445.13,7330.23,7347.03,25832351401
MOEXOG,D,201127,000000,7329.79,7344.81,7235.25,7295.34,32203341881
MOEXOG,D,201130,000000,7231.63,7237.96,7071.13,7078.96,47460101102
MOEXOG,D,201201,000000,7119.32,7165.32,7068.47,7102.15,29507333256
MOEXOG,D,201202,000000,7123.7,7207.62,7079.4,7207.62,23465303169
MOEXOG,D,201203,000000,7221.48,7229.4,7028.23,7088.73,28435485137
MOEXOG,D,201204,000000,7140.09,7222.9,7125.12,7182.45,29025748277
MOEXOG,D,201207,000000,7178.42,7224.16,7112.3,7141.46,22707350923
MOEXOG,D,201208,000000,7103.59,7138.27,7003.28,7043.88,24896143444
MOEXOG,D,201209,000000,7058.87,7146.47,7023.95,7070.08,25326225245
MOEXOG,D,201210,000000,7033.48,7268.59,7030.68,7268.59,32913941277
MOEXOG,D,201211,000000,7269.63,7328.28,7239.74,7311.98,41184312017
MOEXOG,D,201214,000000,7349.86,7453.18,7256.02,7267.09,48977054445
MOEXOG,D,201215,000000,7244.27,7318.53,7211.92,7243.97,29450299215
MOEXOG,D,201216,000000,7302.7,7313.01,7172.59,7244.08,35628209189
MOEXOG,D,201217,000000,7282.41,7334.86,7222.79,7277.85,54920214629
MOEXOG,D,201218,000000,7280.14,7311.01,7209.15,7311.01,53156974295
MOEXOG,D,201221,000000,7192.42,7214.47,7052.11,7097.14,51102274408
MOEXOG,D,201222,000000,7079.2,7247.78,7074.9,7238.72,35716724188
MOEXOG,D,201223,000000,7192.67,7256.87,7192.67,7239.8,22446528311
MOEXOG,D,201224,000000,7243.8,7257.35,7182.15,7204.68,18107092517
MOEXOG,D,201225,000000,7208.56,7229.23,7186.81,7223.86,5856693207
MOEXOG,D,201228,000000,7243.92,7283.66,7227.85,7240.19,13941844543
MOEXOG,D,201229,000000,7267.44,7312,7241.99,7302.62,17676781319
MOEXOG,D,201230,000000,7292.4,7366,7288.72,7344.76,29783963501
MOEXOG,D,210104,000000,7376.81,7438.75,7353.49,7429.09,21117677931
MOEXOG,D,210105,000000,7362.72,7474.44,7318.68,7459.51,22184742981
MOEXOG,D,210106,000000,7541.02,7559.68,7450.27,7559.68,26700869859
MOEXOG,D,210108,000000,7652.99,7851.29,7652.99,7808.88,49919215290
MOEXOG,D,210111,000000,7776.07,7946.77,7721.98,7863.43,50025322574
MOEXOG,D,210112,000000,7897.76,7959.13,7841.84,7906.77,34386284138
MOEXOG,D,210113,000000,7959.01,8002.26,7905.75,7974.2,40826714750
MOEXOG,D,210114,000000,7954.15,8097.99,7908.17,8069.74,39629342473
MOEXOG,D,210115,000000,8048.26,8099.56,7960.19,7979.52,39845245103
MOEXOG,D,210118,000000,7914.24,8014.73,7861.56,7998.9,35717834773
MOEXOG,D,210119,000000,8035.15,8052.62,7894.47,7916.5,31677179756
MOEXOG,D,210120,000000,7945.96,7986.45,7918.84,7924.37,23275194610
MOEXOG,D,210121,000000,7940.44,7949.45,7720.65,7740.07,40293898612
MOEXOG,D,210122,000000,7665.61,7708.71,7584.07,7668.89,39205728661
MOEXOG,D,210125,000000,7730.57,7785.02,7686.31,7727.77,31612096034
MOEXOG,D,210126,000000,7683.98,7751.7,7661.65,7699.77,25382650977
MOEXOG,D,210127,000000,7734.93,7752.47,7589.6,7589.6,32746761138
MOEXOG,D,210128,000000,7539.28,7639.83,7515.64,7575.01,28555813246
MOEXOG,D,210129,000000,7550.9,7563.84,7408.73,7414.28,35769255244
MOEXOG,D,210201,000000,7421.21,7439.49,7362.04,7399.63,28022936384
MOEXOG,D,210202,000000,7514.34,7630.76,7492.47,7604.3,40693672480
MOEXOG,D,210203,000000,7581.5,7644.37,7525.48,7577.98,26855243672
MOEXOG,D,210204,000000,7625.91,7678.49,7587.52,7607.41,31378151910
MOEXOG,D,210205,000000,7679.54,7721.98,7653.46,7699.63,26064901216
MOEXOG,D,210208,000000,7763.95,7838.76,7763.95,7832.75,30569356952
MOEXOG,D,210209,000000,7890.19,7901.09,7759.22,7767.62,31260994108
MOEXOG,D,210210,000000,7800.39,7807.74,7657.16,7666.84,24716304401
MOEXOG,D,210211,000000,7669.43,7715,7637.42,7709.27,18136072608
MOEXOG,D,210212,000000,7656.9,7781.37,7545.42,7781.37,30160810610
MOEXOG,D,210215,000000,7903.58,7926,7838.23,7916.98,30474780845
MOEXOG,D,210216,000000,7979.46,7995.46,7907.92,7956.83,34044629945
MOEXOG,D,210217,000000,7940.02,7983.72,7766.24,7768.42,35399856969
MOEXOG,D,210218,000000,7854.33,7858.73,7683.85,7697.5,27675559716
MOEXOG,D,210219,000000,7663.8,7798.49,7637.49,7786.32,26208306556
MOEXOG,D,210220,000000,7780.67,7789.2,7731.78,7779.11,3258196969
MOEXOG,D,210222,000000,7812.35,7814.73,7703.16,7768.25,16847029704
MOEXOG,D,210224,000000,7760.62,7789.62,7688.98,7751.39,26414917477
MOEXOG,D,210225,000000,7815.87,7861.71,7778.2,7837.94,30754535832
MOEXOG,D,210226,000000,7711.63,7757.67,7602.38,7642.66,31659944190
MOEXOG,D,210301,000000,7670.6,7706.64,7652.77,7697.7,17286042508
MOEXOG,D,210302,000000,7652.72,7785.01,7651.16,7772.7,18735489043
MOEXOG,D,210303,000000,7809.93,7865.25,7750.68,7815.32,20225065908
MOEXOG,D,210304,000000,7803.86,7864.56,7773.65,7860.58,25892860879
MOEXOG,D,210305,000000,7851,8154.22,7832.98,8125.39,56586757950
MOEXOG,D,210309,000000,8175.4,8429.38,8136.89,8419.93,54016763261
MOEXOG,D,210310,000000,8330,8460.3,8300.99,8318.76,36699539026
MOEXOG,D,210311,000000,8368.28,8424.82,8324.48,8415.22,28717961065
MOEXOG,D,210312,000000,8443.69,8523.11,8393.74,8504.52,22297765780
MOEXOG,D,210315,000000,8568.57,8630.79,8540.11,8588.97,33690931188
MOEXOG,D,210316,000000,8606.42,8611.58,8461.52,8549.4,36261464031
MOEXOG,D,210317,000000,8539.69,8567.07,8312.72,8337.58,41332307441
MOEXOG,D,210318,000000,8410.2,8425.25,8251.29,8281.18,39776966235
MOEXOG,D,210319,000000,8116.85,8233.86,8093.42,8168.68,33602174014
MOEXOG,D,210322,000000,8198.78,8262.86,8148.36,8230.77,28781863786
MOEXOG,D,210323,000000,8188.47,8297.26,8144.2,8266.02,30886803807
MOEXOG,D,210324,000000,8239.25,8391.26,8204.33,8385.36,24972483546
MOEXOG,D,210325,000000,8339.5,8367.65,8244.22,8273.36,21194374889
MOEXOG,D,210326,000000,8372.4,8428.95,8365.23,8405.75,23454565045
MOEXOG,D,210329,000000,8426.77,8468.73,8365.01,8409.23,18513958629
MOEXOG,D,210330,000000,8433.71,8474.98,8315.09,8348.47,19534847262
MOEXOG,D,210331,000000,8357.45,8380.32,8314.15,8338.46,21686357302
MOEXOG,D,210401,000000,8398.63,8454.88,8316.09,8334.78,32165656536
MOEXOG,D,210402,000000,8401.34,8426.82,8375.35,8411.52,11010167874
MOEXOG,D,210405,000000,8393.42,8402.92,8256.81,8278.62,16678255664
MOEXOG,D,210406,000000,8329.37,8329.37,8146.5,8177.99,25999778100
MOEXOG,D,210407,000000,8142.57,8257.11,8089.65,8210.68,23753697595
MOEXOG,D,210408,000000,8279.02,8283.02,8141.44,8167.08,16036995934
MOEXOG,D,210409,000000,8178.37,8179.58,8035,8057.03,20642727239
MOEXOG,D,210412,000000,8039.92,8156.91,8001.08,8096.53,22856041287
MOEXOG,D,210413,000000,8137,8177.29,8059.65,8131.38,16801208583
MOEXOG,D,210414,000000,8255.77,8317.73,8194.16,8306.25,38082248446
MOEXOG,D,210415,000000,8211.04,8343.17,8207.54,8277.2,28984775575
MOEXOG,D,210416,000000,8318.38,8328.25,8235.04,8268.72,21234165022
MOEXOG,D,210419,000000,8290.05,8290.05,8169.09,8178.66,16700427878
MOEXOG,D,210420,000000,8210.23,8254.25,8077.56,8115.52,25924336873
MOEXOG,D,210421,000000,8123.25,8185.53,8104.38,8144.29,19468185556
MOEXOG,D,210422,000000,8162.13,8203.57,8065.38,8196.11,30499141320
MOEXOG,D,210423,000000,8198.22,8200.9,8121.87,8150.55,19335824033
MOEXOG,D,210426,000000,8162.41,8166.73,8089.04,8098.59,18025615865
MOEXOG,D,210427,000000,8127.15,8152.12,8061.95,8070.01,17085588137
MOEXOG,D,210428,000000,8077.55,8089.16,7935.53,7967.71,30255498642
MOEXOG,D,210429,000000,8029.88,8045.92,7886.59,7892.8,41162861708
MOEXOG,D,210430,000000,7899.7,7933.82,7811.42,7823.03,23288817533
MOEXOG,D,210504,000000,7870.3,7977.68,7870.3,7968.51,26014986510
MOEXOG,D,210505,000000,8017.78,8104.46,8008.82,8090.66,27040043052
MOEXOG,D,210506,000000,8069.61,8117.73,8048.92,8070.38,24359262520
MOEXOG,D,210507,000000,8111.53,8117.78,8054.07,8086.58,18751508609
MOEXOG,D,210510,000000,8106.75,8174.39,8065.13,8127.56,20816481005
MOEXOG,D,210511,000000,8070.99,8096.92,8030.45,8076.53,22782234572
MOEXOG,D,210512,000000,8075.71,8162.29,8055.5,8146.68,24058557422
MOEXOG,D,210513,000000,8073.18,8136.87,8052.97,8107.37,29585677581
MOEXOG,D,210514,000000,8138.86,8141.39,8051.91,8076.53,22467647795
MOEXOG,D,210517,000000,8079.54,8116.04,8041.34,8108.47,26953320824
MOEXOG,D,210518,000000,8187.57,8251.66,8156.04,8173.26,35562118806
MOEXOG,D,210519,000000,8173.09,8191.61,8056.38,8082.99,48236526419
MOEXOG,D,210520,000000,8125.92,8134.06,7959.29,8000.36,30249170890
MOEXOG,D,210521,000000,8003.76,8082.16,7971.95,8071.66,20828284266
MOEXOG,D,210524,000000,8072,8113.95,8036.78,8067.13,13743561699
MOEXOG,D,210525,000000,8109.43,8140.94,8072.01,8095.14,21042632370
MOEXOG,D,210526,000000,8120.65,8170.45,8091.52,8131.17,23253540038
MOEXOG,D,210527,000000,8127.6,8174.04,8087.31,8166.03,20439284544
MOEXOG,D,210528,000000,8197.07,8209.22,8155.37,8182.29,19129931703
MOEXOG,D,210531,000000,8187.18,8234.55,8180.48,8207.02,14248257492
MOEXOG,D,210601,000000,8255.96,8395.79,8255.96,8363.96,35244155136
MOEXOG,D,210602,000000,8381.97,8538.23,8379.75,8535.33,40232561787
MOEXOG,D,210603,000000,8609.78,8623.71,8462.23,8569.26,42457929419
MOEXOG,D,210604,000000,8596.47,8664.15,8548.57,8626.87,36282253033
MOEXOG,D,210607,000000,8627.16,8655.51,8586.79,8636.6,23289383314
MOEXOG,D,210608,000000,8626,8645.2,8578.88,8615.88,31936027361
MOEXOG,D,210609,000000,8660.61,8711.5,8639.8,8705.39,24106040507
MOEXOG,D,210610,000000,8694.32,8731.66,8656.65,8677.82,32233383321
MOEXOG,D,210611,000000,8684.27,8722.36,8608.08,8626.36,23075824344
MOEXOG,D,210614,000000,8648.64,8757.99,8637.34,8737.83,19411566081
MOEXOG,D,210615,000000,8759.47,8759.47,8681.43,8712.27,29966759897
MOEXOG,D,210616,000000,8736.01,8828.76,8714.17,8828.76,34827950477
MOEXOG,D,210617,000000,8749.36,8859.64,8747.11,8787.42,37792435142
MOEXOG,D,210618,000000,8751.21,8763.1,8640.11,8717.95,30916264969
MOEXOG,D,210621,000000,8725.03,8756.8,8651.92,8725.53,19103048843
MOEXOG,D,210622,000000,8807.58,8827.97,8766.06,8795.75,23861721506
MOEXOG,D,210623,000000,8862.25,8887.93,8817.82,8836.04,31364207338
MOEXOG,D,210624,000000,8836.42,8854.58,8786.64,8828.28,34563874778
MOEXOG,D,210625,000000,8827.94,8858.06,8794.32,8853.54,22266125948
MOEXOG,D,210628,000000,8867.18,8899.24,8787.68,8798.17,21135623150
MOEXOG,D,210629,000000,8755.05,8780.89,8653.94,8714.98,28954082816
MOEXOG,D,210630,000000,8730.49,8911.58,8681.11,8887.54,41966572041
MOEXOG,D,210701,000000,8898.69,9084.38,8898.69,9004.46,53822266018
MOEXOG,D,210702,000000,8996.06,9055.42,8962.01,8976.45,27979820602
MOEXOG,D,210705,000000,9002.52,9046.38,8970.74,9046.38,18637070864
MOEXOG,D,210706,000000,9086.5,9199.33,9076.98,9102.95,56555891355
MOEXOG,D,210707,000000,9087.12,9160.43,9032.97,9048.71,43464931936
MOEXOG,D,210708,000000,9002.09,9006.62,8868.1,8927.18,38270068127
MOEXOG,D,210709,000000,8949.44,8970.18,8897.08,8903.95,33123151035
MOEXOG,D,210712,000000,8920.8,8928.96,8870.98,8911.17,23546399920
MOEXOG,D,210713,000000,8945.03,8950.36,8870.8,8913.37,27174476752
MOEXOG,D,210714,000000,8859.9,8904.42,8801.85,8810.43,37457587758
MOEXOG,D,210715,000000,8781.85,8781.85,8610.41,8649.42,30259446396
MOEXOG,D,210716,000000,8573.71,8654.31,8516.3,8547.81,27257571296
MOEXOG,D,210719,000000,8420.26,8420.26,8228.2,8247.87,35665046817
MOEXOG,D,210720,000000,8296.99,8308.5,8167.31,8229.67,27323956001
MOEXOG,D,210721,000000,8274.52,8335.38,8224.5,8331.5,23141064114
MOEXOG,D,210722,000000,8397.54,8442,8328.87,8409.19,24763065412
MOEXOG,D,210723,000000,8425.19,8450.29,8305.44,8339.64,20993291692
MOEXOG,D,210726,000000,8295,8351.91,8237.75,8336.79,17613327156
MOEXOG,D,210727,000000,8370.99,8392.33,8317.18,8340.88,17977219763
MOEXOG,D,210728,000000,8367.72,8455.21,8357.89,8455.21,20063494278
MOEXOG,D,210729,000000,8490.48,8548.95,8486.88,8539.97,23645704754
MOEXOG,D,210730,000000,8498.27,8514.92,8396.33,8420.38,29950315483
MOEXOG,D,210802,000000,8472.27,8515.05,8450.59,8482.33,26181885872
MOEXOG,D,210803,000000,8462.27,8494.12,8396.06,8450.87,21088406683
MOEXOG,D,210804,000000,8497.56,8500.83,8433.82,8469.93,20801853974
MOEXOG,D,210805,000000,8437.96,8514.41,8429.84,8511.48,26370901938
MOEXOG,D,210806,000000,8528.1,8528.1,8425.52,8437.42,38896905779
MOEXOG,D,210809,000000,8405.56,8498.32,8390.94,8486.61,34999805320
MOEXOG,D,210810,000000,8524.27,8594.18,8495.67,8592.36,24782316461
MOEXOG,D,210811,000000,8620.32,8662.28,8565.94,8619.21,23697528658
MOEXOG,D,210812,000000,8617.69,8686.38,8617.69,8686.38,22518888433
MOEXOG,D,210813,000000,8667.97,8701.09,8621.09,8642.63,16511087880
MOEXOG,D,210816,000000,8608.12,8726.14,8598.92,8719.79,27289122327
MOEXOG,D,210817,000000,8718.28,8801.36,8702.93,8794.65,31220485305
MOEXOG,D,210818,000000,8809.44,8810.63,8725.37,8751.61,24275460963
MOEXOG,D,210819,000000,8634.05,8634.05,8528.94,8567.8,37532550013
MOEXOG,D,210820,000000,8594.78,8595.61,8502.73,8534.3,22496336372
MOEXOG,D,210823,000000,8601.48,8686.22,8593.12,8685.54,23655833280
MOEXOG,D,210824,000000,8715.47,8730.64,8649.09,8705.22,28092852455
MOEXOG,D,210825,000000,8713.53,8723.17,8626.84,8666.75,18954141481
MOEXOG,D,210826,000000,8598.73,8611.41,8497.76,8525.89,20334337332
MOEXOG,D,210827,000000,8549.73,8584.27,8499.76,8584.27,22049696385
MOEXOG,D,210830,000000,8623.23,8675.63,8621.14,8675.63,28280803773
MOEXOG,D,210831,000000,8665.72,8669.27,8577.9,8603.7,41907308240
MOEXOG,D,210901,000000,8625.83,8733.27,8622,8727.24,40609625889
MOEXOG,D,210902,000000,8765.07,8845.02,8713.6,8839.02,36728674727
MOEXOG,D,210903,000000,8809.79,8855.27,8786.47,8853.8,30885820130
MOEXOG,D,210906,000000,8848.89,8904.05,8835.6,8900.05,31532812227
MOEXOG,D,210907,000000,8928.29,8965.6,8883.08,8936.86,37719686358
MOEXOG,D,210908,000000,8966.18,8976.11,8883.52,8961.95,37068083265
MOEXOG,D,210909,000000,8932.48,8974.02,8882.51,8903.15,26548814471
MOEXOG,D,210910,000000,8895.09,8948.45,8858.42,8881.37,22651556543
MOEXOG,D,210913,000000,8923.68,9065.48,8912.53,9065.48,31669417931
MOEXOG,D,210914,000000,9105.34,9176.32,9103.66,9141.5,58993891024
MOEXOG,D,210915,000000,9148.59,9287.94,9135.97,9178.49,70723008699
MOEXOG,D,210916,000000,9187.59,9238.63,9138.7,9183.22,60919925371
MOEXOG,D,210917,000000,9177.99,9182.4,9023.44,9066.08,45141405934
MOEXOG,D,210920,000000,8955.69,8972.4,8869.19,8896.07,35446361064
MOEXOG,D,210921,000000,8966.67,9027.12,8924.49,8951.22,39562922639
MOEXOG,D,210922,000000,9039.84,9168.94,9034.97,9164.51,35832570863
MOEXOG,D,210923,000000,9241.93,9254.87,9139.83,9226.84,41477410678
MOEXOG,D,210924,000000,9219.27,9258.83,9141.04,9237.52,41566910654
MOEXOG,D,210927,000000,9358.84,9414.99,9349.17,9407.26,55713268103
MOEXOG,D,210928,000000,9514.99,9582.4,9397.65,9463.72,71617623273
MOEXOG,D,210929,000000,9369.89,9510.4,9351.79,9481.93,43048380968
MOEXOG,D,210930,000000,9542.49,9607.65,9496.05,9558.27,52901417454
MOEXOG,D,211001,000000,9470.64,9562.49,9470.64,9534.33,32480225453
MOEXOG,D,211004,000000,9600.16,9697.25,9593.06,9697.25,75091961001
MOEXOG,D,211005,000000,9758.44,10063.25,9758.44,10024.82,87496678985
MOEXOG,D,211006,000000,10148.74,10165.75,9743.34,9784.83,99981142174
MOEXOG,D,211007,000000,9898.28,9898.28,9644.3,9810.65,78335002972
MOEXOG,D,211008,000000,9790.96,9872.42,9764.99,9783.61,43780957525
MOEXOG,D,211011,000000,9807.3,9862.83,9782.63,9826.26,44617879956
MOEXOG,D,211012,000000,9771.29,9864.41,9764.04,9864.12,35265233035
MOEXOG,D,211013,000000,9842.48,9848.51,9555.32,9745.53,55286506157
MOEXOG,D,211014,000000,9840.4,9858.8,9762.6,9762.6,38279144337
MOEXOG,D,211015,000000,9840.92,9862.25,9776.15,9852.87,31367651127
MOEXOG,D,211018,000000,9851.74,9868.78,9768.25,9815.06,29647613118
MOEXOG,D,211019,000000,9806.06,9834.38,9746.88,9827.87,32158233422
MOEXOG,D,211020,000000,9823.86,9885.46,9791.29,9882.04,29762448205
MOEXOG,D,211021,000000,9856.1,9882.44,9665.34,9684.16,32119858593
MOEXOG,D,211022,000000,9675.95,9747.86,9620.82,9620.82,27718288344
MOEXOG,D,211025,000000,9691.73,9809.95,9607.4,9809.95,40710073613
MOEXOG,D,211026,000000,9798.61,9840.86,9756.24,9757.71,36625948913
MOEXOG,D,211027,000000,9683.01,9737.09,9601.86,9642.75,26797158857
MOEXOG,D,211028,000000,9570.65,9596.01,9426.96,9504.65,54024664555
MOEXOG,D,211029,000000,9518.76,9531.86,9349.36,9452.83,43519675526
MOEXOG,D,211101,000000,9462.04,9581.93,9457.51,9564.98,25926146663
MOEXOG,D,211102,000000,9625.8,9650.93,9432.7,9467.2,29683391277
MOEXOG,D,211103,000000,9417.91,9418.61,9308.16,9347.03,22943906592
MOEXOG,D,211105,000000,9330.72,9398.43,9287.71,9359.87,19038547744
MOEXOG,D,211108,000000,9450.81,9505.55,9423.83,9500.64,25604452498
MOEXOG,D,211109,000000,9468.18,9488.04,9398.76,9407.95,21214832944
MOEXOG,D,211110,000000,9432.84,9476.89,9387,9460.38,20872897138
MOEXOG,D,211111,000000,9376.9,9561.36,9289.01,9558.56,40199770587
MOEXOG,D,211112,000000,9552.12,9599.83,9443.82,9528.72,99986863431
MOEXOG,D,211115,000000,9524.82,9596.81,9420.78,9506.25,59363306894
MOEXOG,D,211116,000000,9554.6,9572.26,9403.03,9524.6,50197262066
MOEXOG,D,211117,000000,9497.43,9556.67,9460.11,9548.53,44308163748
MOEXOG,D,211118,000000,9449.58,9502.09,9271.28,9298.68,52914788509
MOEXOG,D,211119,000000,9375.79,9397.79,9077.95,9085.88,65694071936
MOEXOG,D,211122,000000,9048.32,9116.17,8786.2,8880.91,83874717827
MOEXOG,D,211123,000000,8802.67,9068.36,8705.21,9031.47,81666111963
MOEXOG,D,211124,000000,9153.7,9176.13,8963.89,9123.5,56297284543
MOEXOG,D,211125,000000,9155.08,9192.65,8997.81,9018.8,31819239508
MOEXOG,D,211126,000000,8743.26,8841.62,8690.72,8692.08,62508317185
MOEXOG,D,211129,000000,8838.8,8950.15,8747.01,8842.03,56167262099
MOEXOG,D,211130,000000,8728.46,8889.82,8712.06,8789.66,74778643581
MOEXOG,D,211201,000000,8833.46,8983.38,8824.62,8978.63,50696049783
MOEXOG,D,211202,000000,8937.04,9086.38,8909.19,9058.61,50378919029
MOEXOG,D,211203,000000,9155.75,9159.52,8978.39,9007.14,32775973219
MOEXOG,D,211206,000000,9072.94,9076.91,8820.15,8893.7,38193840276
MOEXOG,D,211207,000000,8978.93,9114.81,8895.83,9091.01,45004929294
MOEXOG,D,211208,000000,9162.55,9162.55,8885.44,8885.44,49803385632
MOEXOG,D,211209,000000,8957.79,9025.78,8891.24,8959.04,34081500432
MOEXOG,D,211210,000000,8938.53,8976.69,8879.42,8887.84,23369789723
MOEXOG,D,211213,000000,8985.4,8990.81,8568.21,8590.95,56451071400
MOEXOG,D,211214,000000,8424.83,8652.83,8424.3,8618.12,60474368918
MOEXOG,D,211215,000000,8679.09,8858.26,8628.41,8718.65,44202386568
MOEXOG,D,211216,000000,8925.74,9008.7,8900.3,8985.49,49587140271
MOEXOG,D,211217,000000,8945.94,8969.16,8877.88,8941.91,46679356141
MOEXOG,D,211220,000000,8787.27,8887.15,8716.17,8863.44,37044262336
MOEXOG,D,211221,000000,8967.42,8982.5,8832.86,8917.97,33007088726
MOEXOG,D,211222,000000,8941.18,9096.49,8914.82,9076.5,39665808314
MOEXOG,D,211223,000000,9071.46,9083.24,8906.23,8939.64,31554902608
MOEXOG,D,211224,000000,8944.53,8945.97,8801.6,8910.19,16460951380
MOEXOG,D,211227,000000,8921.49,9025.96,8916.78,9025.96,16034863251
MOEXOG,D,211228,000000,9066.1,9179.1,9036.76,9125.12,22911058140
MOEXOG,D,211229,000000,9095.66,9138.32,9021.8,9087.21,22815551529
MOEXOG,D,211230,000000,9111.4,9187.24,9069.71,9159.5,22960829460
MOEXOG,D,220103,000000,9232.76,9330.25,9232.76,9307.03,19083894780
MOEXOG,D,220104,000000,9335.38,9419.5,9287.08,9417.79,23334881748
MOEXOG,D,220105,000000,9375.66,9411.14,9244.07,9270.18,24270854395
MOEXOG,D,220106,000000,9101.4,9202.94,9025.49,9174.89,33395549744
MOEXOG,D,220110,000000,9276.92,9350.31,9142.54,9197.3,30451043329
MOEXOG,D,220111,000000,9212.46,9325.99,9188.75,9275.31,24848917717
MOEXOG,D,220112,000000,9302.67,9472.52,9270.16,9413.9,34243137719
MOEXOG,D,220113,000000,9413.87,9427.74,9042.46,9068.27,60244866002
MOEXOG,D,220114,000000,9138.35,9216.52,8818.52,9060.46,67468401649
MOEXOG,D,220117,000000,9140.71,9193.35,8828.69,8925.09,50163289526
MOEXOG,D,220118,000000,8865.77,8894.55,8381.82,8422.75,105326390036
MOEXOG,D,220119,000000,8355.95,8867.92,8287.89,8693.15,92706806957
MOEXOG,D,220120,000000,8843.68,8870.24,8600.08,8768.36,57069178969
MOEXOG,D,220121,000000,8572.33,8739.47,8517.36,8648.97,55086785940
MOEXOG,D,220124,000000,8613.31,8613.31,7990.88,8193.35,97113960454
MOEXOG,D,220125,000000,8384.13,8394.44,8153.43,8250.19,54748872419
MOEXOG,D,220126,000000,8427.66,8541.22,8275.13,8419.24,57962152319
MOEXOG,D,220127,000000,8293.04,8888.85,8282.64,8729.83,93395391424
MOEXOG,D,220128,000000,8829.58,8896.86,8672.67,8836.36,52004385196
MOEXOG,D,220131,000000,8900.96,8978.34,8876.07,8876.07,36186146450
MOEXOG,D,220201,000000,8910.57,8965.5,8842.32,8866.17,32583728252
MOEXOG,D,220202,000000,8909.71,8937.02,8813.59,8880.79,28750895813
MOEXOG,D,220203,000000,8798.72,8857.7,8674.63,8758.97,30383514481
MOEXOG,D,220204,000000,8836.48,9024.92,8773.59,8812.51,54974346579
MOEXOG,D,220207,000000,8927.53,8947.7,8709.73,8810.77,28163853985
MOEXOG,D,220208,000000,8867.62,8923.36,8832.54,8919.13,36354890319
MOEXOG,D,220209,000000,8952.07,9030.67,8926.05,9027,37517784052
MOEXOG,D,220210,000000,9000.29,9031.56,8920.09,9005.02,33133095640
MOEXOG,D,220211,000000,8892.18,8895.46,8674.67,8809.02,43239415160
MOEXOG,D,220214,000000,8543.97,8813.98,8502.83,8690,50434111036
MOEXOG,D,220215,000000,8780.74,8964.07,8758.05,8879.35,51432169547
MOEXOG,D,220216,000000,9009.58,9021.51,8862.56,8947.52,35580356727
MOEXOG,D,220217,000000,8823.78,8848.51,8597.16,8623.02,48789122663
MOEXOG,D,220218,000000,8727.97,8752.58,8322.01,8366.07,57547930792
MOEXOG,D,220221,000000,8494.66,8499.89,7180.08,7449.83,146294075914
MOEXOG,D,220222,000000,7005.58,7610.17,6792.61,7542.66,139959387649
MOEXOG,D,220224,000000,6691,6691,3961.88,5142.45,93407969272
MOEXOG,D,220225,000000,5632.58,6480.57,5632.58,6480.57,68384631221
MOEXOG,D,220328,000000,6712.31,6716.69,6454.33,6496.13,9920248483
MOEXOG,D,220329,000000,6460.92,6805.68,6274,6481.01,18372191666
MOEXOG,D,220330,000000,6607.73,6645.83,6534.61,6645.83,12767962015
MOEXOG,D,220331,000000,6693.76,7137.15,6671.51,7137.15,29435567481
MOEXOG,D,220401,000000,7196.89,7426.13,7155.3,7182.95,21907823883
MOEXOG,D,220404,000000,7263.44,7353.65,7029.55,7192.49,17433810186
MOEXOG,D,220405,000000,7241.72,7241.72,6672.32,6865.91,16554806352
MOEXOG,D,220406,000000,6777.36,6990.17,6733.4,6766.87,9247590319
MOEXOG,D,220407,000000,6800.07,6850.62,6714.14,6774.05,9805789401
MOEXOG,D,220408,000000,6819.71,6819.71,6568.08,6652.84,7377834836
MOEXOG,D,220411,000000,6663.95,6762.11,6594.59,6597.73,8167531618
MOEXOG,D,220412,000000,6603.37,6636.98,6361.81,6555.2,10130097358
MOEXOG,D,220413,000000,6587.24,6616.63,6506.19,6536.29,5523132167
MOEXOG,D,220414,000000,6539.49,6546.3,6231.31,6236.9,8067426748
MOEXOG,D,220415,000000,6227.46,6285.38,6104.3,6255.28,7313822433
MOEXOG,D,220418,000000,6295.88,6317.76,6043.95,6077.55,7220650373
MOEXOG,D,220419,000000,6061.9,6061.9,5722.11,5973.92,13062827843
MOEXOG,D,220420,000000,6006,6079.9,5828.15,5987.43,13933125611
MOEXOG,D,220421,000000,6001.62,6038.03,5825.86,5860.32,13512398998
MOEXOG,D,220422,000000,5835.55,5924.93,5789.11,5843.84,15337642863
MOEXOG,D,220425,000000,5812.39,5841.72,5709.52,5796.76,8016150389
MOEXOG,D,220426,000000,5830.35,6179.02,5827.05,6131.84,20317990821
MOEXOG,D,220427,000000,6148.39,6335.33,6098.58,6317.05,18405888838
MOEXOG,D,220428,000000,6351.06,6497.13,6199.41,6211.76,25027857917
MOEXOG,D,220429,000000,6229.39,6402.32,6222.11,6400.46,17635593490
MOEXOG,D,220504,000000,6398.02,6435.55,6178.11,6178.11,9059707187
MOEXOG,D,220505,000000,6219.63,6270.22,6210.7,6227.69,5883298021
MOEXOG,D,220506,000000,6210.77,6235.08,6153.39,6235.08,7788906711
MOEXOG,D,220511,000000,6219.48,6290.97,6163.58,6218.21,6663205707
MOEXOG,D,220512,000000,6197.36,6210.27,5946.12,5973.21,9951147353
MOEXOG,D,220513,000000,6023.9,6028.89,5922.13,5985.62,6791675583
MOEXOG,D,220516,000000,5988.55,6189.85,5988.55,6153.04,13909899042
MOEXOG,D,220517,000000,6201.2,6367.31,6185.88,6354.45,20279789485
MOEXOG,D,220518,000000,6397.03,6545.02,6397.03,6431.02,18448589983
MOEXOG,D,220519,000000,6494.36,6501.71,6392.75,6445.85,11036258699
MOEXOG,D,220520,000000,6451.95,6471.92,6296.13,6333.14,11317588769
MOEXOG,D,220523,000000,6367.21,6374.14,6103.89,6103.89,12162512361
MOEXOG,D,220524,000000,6085.34,6085.34,5885.93,6020.15,18452499546
MOEXOG,D,220525,000000,6064.14,6198.76,6019.32,6198.76,14083344107
MOEXOG,D,220526,000000,6250.8,6443.9,6179.5,6433.75,46748302101
MOEXOG,D,220527,000000,6502.5,6531.91,6445.92,6476.33,22318999510
MOEXOG,D,220530,000000,6547.01,6567.81,6372.41,6436.48,15141211523
MOEXOG,D,220531,000000,6413.72,6413.72,6293.47,6302.16,9692044417
MOEXOG,D,220601,000000,6252.99,6371.01,6252.99,6356.87,10389856431
MOEXOG,D,220602,000000,6337.84,6376.18,6261.27,6290.89,9194457182
MOEXOG,D,220603,000000,6311.54,6318.45,6142.74,6217.52,9720118024
MOEXOG,D,220606,000000,6253.07,6253.62,6163.82,6182.54,8335814203
MOEXOG,D,220607,000000,6156.85,6251.09,6087.38,6237.28,10831923015
MOEXOG,D,220608,000000,6272.41,6354.9,6250.32,6334.46,17397211063
MOEXOG,D,220609,000000,6357.94,6362.19,6251.07,6340.63,11438961961
MOEXOG,D,220610,000000,6334.25,6422.11,6319.6,6417.71,10037604922
MOEXOG,D,220614,000000,6376.56,6454.24,6355.16,6417.44,18237131026
MOEXOG,D,220615,000000,6429.26,6507.39,6382.7,6504.43,16208433296
MOEXOG,D,220616,000000,6524.1,6700.42,6501.18,6671.19,18584816533
MOEXOG,D,220617,000000,6677.55,6688.8,6580.35,6604.52,8876860447
MOEXOG,D,220620,000000,6618.72,6771.39,6618.72,6761.86,14237587303
MOEXOG,D,220621,000000,6780.75,6787.98,6650.37,6654.92,24985222212
MOEXOG,D,220622,000000,6587.65,6663.67,6527.86,6661.41,23073471540
MOEXOG,D,220623,000000,6652.6,6705.36,6591.17,6695.13,20963504699
MOEXOG,D,220624,000000,6700.42,6704.27,6595.01,6645.52,14928313954
MOEXOG,D,220627,000000,6644.84,6680.25,6625.81,6680.25,9611229650
MOEXOG,D,220628,000000,6676.97,6741.2,6620.05,6724.84,18597182872
MOEXOG,D,220629,000000,6701.79,6735.93,6621.94,6684.44,17911541747
MOEXOG,D,220630,000000,6711.78,6747.16,6155.75,6252.22,81814313532
MOEXOG,D,220701,000000,6264.23,6398.16,6207.12,6301.99,28974303230
MOEXOG,D,220704,000000,6344.32,6419.72,6258.81,6274.49,21123206582
MOEXOG,D,220705,000000,6285.5,6331.65,6226.23,6290.93,22019058538
MOEXOG,D,220706,000000,6298.41,6422.77,6273.9,6307.97,23250160818
MOEXOG,D,220707,000000,6279.34,6312.22,6218.75,6238.09,13411215776
MOEXOG,D,220708,000000,6188.88,6211.1,6151.36,6186.73,10480953947
MOEXOG,D,220711,000000,6176.03,6196.25,6053.37,6062.92,13608337241
MOEXOG,D,220712,000000,6035.51,6035.51,5878.96,5961.27,14961989568
MOEXOG,D,220713,000000,5970.64,5979.79,5758.9,5790.19,12134614314
MOEXOG,D,220714,000000,5785.01,5886.33,5702.83,5728.25,11495591916
MOEXOG,D,220715,000000,5762.12,5922.04,5724.29,5881.64,9621334305
MOEXOG,D,220718,000000,5916.43,5927.78,5797.05,5839.77,7887113956
MOEXOG,D,220719,000000,5708.38,5712.13,5614.99,5661.16,9290056340
MOEXOG,D,220720,000000,5672.54,5744.69,5655.26,5727.83,12384530866
MOEXOG,D,220721,000000,5732.3,5734.98,5586.46,5692.9,10530030239
MOEXOG,D,220722,000000,5706.52,5845.38,5706.52,5824.35,8761559093
MOEXOG,D,220725,000000,5820.52,5871.71,5778.52,5849.94,8584045635
MOEXOG,D,220726,000000,5871.44,5974.29,5871.44,5974.29,9321318779
MOEXOG,D,220727,000000,5985.35,6072.68,5958.43,6018.36,12634221379
MOEXOG,D,220728,000000,6048.38,6049.21,5948.57,5986.02,9000996505
MOEXOG,D,220729,000000,5996.73,6129.86,5961.29,6129.86,8487422567
MOEXOG,D,220801,000000,6129.98,6151.19,6034.2,6048.94,11065443830
MOEXOG,D,220802,000000,6036.99,6048.65,5910.82,5914.86,10505832983
MOEXOG,D,220803,000000,5942.06,5952.55,5873.5,5873.5,6389290380
MOEXOG,D,220804,000000,5859.87,5878.67,5819.8,5835.84,6634065434
MOEXOG,D,220805,000000,5846.54,5857.71,5682.23,5699.07,13986808048
MOEXOG,D,220808,000000,5837.6,5853.14,5758.06,5758.06,10312196826
MOEXOG,D,220809,000000,5781.69,5917.89,5729.83,5912.69,9617885366
MOEXOG,D,220810,000000,5914.37,5993.09,5905.22,5969.92,9458024540
MOEXOG,D,220811,000000,5995.63,6024.76,5900.16,5913.22,9801766480
MOEXOG,D,220812,000000,5918.51,5963.3,5879.65,5960.17,7168068392
MOEXOG,D,220815,000000,5947.49,6000.7,5904.94,5992.77,9082017268
MOEXOG,D,220816,000000,6066.11,6139.77,6039.95,6129.82,12737834722
MOEXOG,D,220817,000000,6155.1,6172.83,6039.8,6053.41,10264273225
MOEXOG,D,220818,000000,6049.7,6091.62,6017.81,6068.45,6203836256
MOEXOG,D,220819,000000,6071.22,6074.48,6023.06,6043.26,4834498893
MOEXOG,D,220822,000000,6027.93,6183.44,6018.03,6183.44,9496777404
MOEXOG,D,220823,000000,6197.55,6246.93,6191.15,6225.3,10523460499
MOEXOG,D,220824,000000,6234.72,6252.79,6201.09,6224.78,7507384216
MOEXOG,D,220825,000000,6247.57,6248.32,6148.73,6170.28,8439446138
MOEXOG,D,220826,000000,6185.84,6240.27,6162.37,6240.27,5951194945
MOEXOG,D,220829,000000,6252.36,6312.26,6240,6305.8,10517959043
MOEXOG,D,220830,000000,6320,6336.16,6273.59,6322.43,28161596730
MOEXOG,D,220831,000000,6495.78,6623.87,6475.94,6533.48,72217233919
MOEXOG,D,220901,000000,6524.91,6643.86,6459.62,6616.36,36758100131
MOEXOG,D,220902,000000,6606.77,6722.95,6594.89,6715.12,29300986158
MOEXOG,D,220905,000000,6718.04,6793.69,6640.66,6793.69,19886550999
MOEXOG,D,220906,000000,6787.51,6790.06,6519.93,6623.72,25360080941
MOEXOG,D,220907,000000,6594.4,6662.61,6543.9,6545.92,16654400717
MOEXOG,D,220908,000000,6532.8,6560.86,6482.36,6520.06,14316857219
MOEXOG,D,220909,000000,6546.3,6586.8,6525.8,6586.8,12497987657
MOEXOG,D,220912,000000,6555.79,6685.68,6555.79,6650.73,13809621418
MOEXOG,D,220913,000000,6672.62,6685.57,6582.76,6604.47,9467227345
MOEXOG,D,220914,000000,6585.38,6591.32,6498.31,6587.39,10988350014
MOEXOG,D,220915,000000,6595.84,6648.47,6533.87,6606.63,15299348127
MOEXOG,D,220916,000000,6604.3,6626.6,6524.56,6543.59,15466144477
MOEXOG,D,220919,000000,6529.78,6577.03,6507.07,6516.01,9007149686
MOEXOG,D,220920,000000,6497.46,6515.09,5791.19,5971.94,64174890146
MOEXOG,D,220921,000000,5469.47,5858.28,5408.13,5690.39,35131893951
MOEXOG,D,220922,000000,5737.23,5912.94,5737.23,5858.18,36703402019
MOEXOG,D,220923,000000,5861.35,5866.78,5565.07,5606.11,22744957000
MOEXOG,D,220926,000000,5460.23,5488.21,4871.65,5144.47,39449072201
MOEXOG,D,220927,000000,5178.05,5258.58,5069.81,5204.57,25373766653
MOEXOG,D,220928,000000,5256.08,5364.44,5191.54,5238.95,23718455225
MOEXOG,D,220929,000000,5329.11,5329.11,5128.77,5219.58,18011569354
MOEXOG,D,220930,000000,5312.7,5360.01,5020.53,5253.69,61602180250
MOEXOG,D,221003,000000,5346.58,5498.37,5308.87,5481.78,17170758540
MOEXOG,D,221004,000000,5560.24,5592.02,5404.15,5479.03,17416134669
MOEXOG,D,221005,000000,5466.22,5543.52,5305.85,5468.91,20562602621
MOEXOG,D,221006,000000,5450.96,5549.19,5440.18,5458.68,16826940487
MOEXOG,D,221007,000000,5421.94,5430.95,5227.43,5241.46,21773613049
MOEXOG,D,221010,000000,4769.56,5117.12,4747.72,5117.12,26024138422
MOEXOG,D,221011,000000,5156.95,5202.76,5083.23,5189.13,10395444423
MOEXOG,D,221012,000000,5243.01,5255.06,5149.72,5205.9,8812847011
MOEXOG,D,221013,000000,5202.61,5277.01,5196.44,5232.08,8719401370
MOEXOG,D,221014,000000,5261.68,5261.68,5170.57,5211.06,6705085512
MOEXOG,D,221017,000000,5236.29,5381.27,5221.88,5377.08,9921981447
MOEXOG,D,221018,000000,5435.33,5439.54,5354.74,5402.56,8114760231
MOEXOG,D,221019,000000,5293.31,5337.71,5221.65,5276.69,9981758172
MOEXOG,D,221020,000000,5341.69,5403.71,5307.74,5396.88,8833067256
MOEXOG,D,221021,000000,5390.64,5416.92,5314.3,5402.94,7731577356
MOEXOG,D,221024,000000,5469.36,5502.67,5427.97,5466.49,8996112473
MOEXOG,D,221025,000000,5480.99,5664.56,5459.62,5664.56,14204233451
MOEXOG,D,221026,000000,5685.29,5715.96,5598.01,5688.28,12447671281
MOEXOG,D,221027,000000,5733.97,5837.09,5702.09,5837.09,12251194321
MOEXOG,D,221028,000000,5790.07,5893.29,5756.32,5893.29,19220580131
MOEXOG,D,221031,000000,5923.72,5958.41,5862.28,5879.76,9902482283
MOEXOG,D,221101,000000,5928.3,5935,5884.12,5903.87,6562115217
MOEXOG,D,221102,000000,5911.05,5931.94,5869.25,5908.46,9559081364
MOEXOG,D,221103,000000,5818.85,5860.65,5767.36,5851.87,8200117031
MOEXOG,D,221107,000000,5909.29,5987.82,5890.84,5987.82,11736863964
MOEXOG,D,221108,000000,6007.31,6022.11,5946.36,5978.14,9100536324
MOEXOG,D,221109,000000,5959.73,5964.21,5872.41,5876.77,7261920721
MOEXOG,D,221110,000000,5863.56,5947.83,5851.28,5940.13,9221210712
MOEXOG,D,221111,000000,5965.04,5970.86,5902.11,5915.41,8410463881
MOEXOG,D,221114,000000,5940.76,5953.31,5903.23,5924.61,9984629711
MOEXOG,D,221115,000000,5931.43,5932.29,5844.17,5861.01,7011650346
MOEXOG,D,221116,000000,5823.15,5872.78,5782.61,5861.87,6485665050
MOEXOG,D,221117,000000,5864.71,5874.37,5800.49,5823.9,5169553044
MOEXOG,D,221118,000000,5812.06,5812.06,5761.6,5809.97,4316073725
MOEXOG,D,221121,000000,5796.71,5796.71,5680.57,5697.82,5895503429
MOEXOG,D,221122,000000,5739.53,5768.46,5701.36,5754.21,4746331395
MOEXOG,D,221123,000000,5756.34,5809.97,5715.31,5786.29,8209017479
MOEXOG,D,221124,000000,5785.14,5818.11,5764.84,5783.14,4705534136
MOEXOG,D,221125,000000,5775.17,5780.59,5730.77,5756.97,4126877096
MOEXOG,D,221128,000000,5708.66,5718.08,5665.88,5711.51,5899420973
MOEXOG,D,221129,000000,5736.13,5736.13,5702.26,5719.12,5343723732
MOEXOG,D,221130,000000,5714.89,5717.22,5685.44,5691.3,4265538995
MOEXOG,D,221201,000000,5719.93,5724.54,5699.89,5717.63,5397794045
MOEXOG,D,221202,000000,5710.2,5746.31,5678.64,5731.06,7643696513
MOEXOG,D,221205,000000,5732.85,5795.85,5703.98,5783.35,9242925809
MOEXOG,D,221206,000000,5755.77,5763.76,5713.52,5737.74,5408083167
MOEXOG,D,221207,000000,5711.37,5714.35,5663.34,5714.21,5029131673
MOEXOG,D,221208,000000,5715.37,5721.21,5696.15,5714.8,4207953982
MOEXOG,D,221209,000000,5702.1,5713.04,5679.55,5701.29,3411635550
MOEXOG,D,221212,000000,5710.14,5724.75,5658.33,5681.26,5033410378
MOEXOG,D,221213,000000,5695.52,5695.92,5649.58,5678.89,4531830829
MOEXOG,D,221214,000000,5675.63,5675.66,5633.77,5639.75,5657764178
MOEXOG,D,221215,000000,5635.84,5640.6,5538.33,5559.33,8654808027
MOEXOG,D,221216,000000,5547.47,5597.21,5536.72,5597.21,5972993253
MOEXOG,D,221219,000000,5599.59,5609.26,5552.79,5581.95,10083835313
MOEXOG,D,221220,000000,5439.64,5570.8,5439.64,5570.8,12657677710
MOEXOG,D,221221,000000,5624.79,5628.03,5525.66,5565.62,8494928533
MOEXOG,D,221222,000000,5596.28,5618.72,5545.76,5561.49,6429449468
MOEXOG,D,221223,000000,5544.63,5567.82,5511.38,5552.75,6834758300
MOEXOG,D,221226,000000,5568.35,5591.46,5563.45,5585.49,6524123083
MOEXOG,D,221227,000000,5595.45,5618.36,5588.74,5609.69,7065655411
MOEXOG,D,221228,000000,5615.68,5623.31,5590.49,5594.85,5339963024
MOEXOG,D,221229,000000,5584.33,5626.29,5584.07,5620.93,4282661902
MOEXOG,D,221230,000000,5635.26,5659.78,5609.11,5658.04,5359536753
MOEXOG,D,230103,000000,5673.93,5716.22,5673.93,5705.97,3721468079
MOEXOG,D,230104,000000,5693.4,5703.57,5652.55,5670.73,3996998312
MOEXOG,D,230105,000000,5674.06,5676.1,5643.21,5649.59,2906036031
MOEXOG,D,230106,000000,5651.77,5657.94,5643.91,5651.65,2538025355
MOEXOG,D,230109,000000,5660.05,5668.25,5647.67,5650.93,4968471879
MOEXOG,D,230110,000000,5652.9,5652.9,5597.64,5624.23,5117251798
MOEXOG,D,230111,000000,5577.19,5614.58,5559.96,5612.38,8937151138
MOEXOG,D,230112,000000,5614.51,5615.07,5586.64,5589.38,3600559641
MOEXOG,D,230113,000000,5593.16,5610.6,5578.38,5603.33,4099491966
MOEXOG,D,230116,000000,5612.71,5656.2,5607.66,5648.94,6284778652
MOEXOG,D,230117,000000,5646.96,5647.85,5598.58,5601.89,5441904521
MOEXOG,D,230118,000000,5580.82,5599.47,5546.75,5580.24,5095244198
MOEXOG,D,230119,000000,5563.77,5571.72,5497.18,5504.31,6219518743
MOEXOG,D,230120,000000,5509.02,5514.42,5454.57,5488.75,5670130144
MOEXOG,D,230123,000000,5503.81,5517.84,5491.56,5514.73,4915599139
MOEXOG,D,230124,000000,5532.7,5542.04,5483.6,5483.6,5145305572
MOEXOG,D,230125,000000,5478.22,5487.78,5451.68,5475.55,5666032681
MOEXOG,D,230126,000000,5497.91,5500.91,5456.58,5456.58,4878748930
MOEXOG,D,230127,000000,5461.17,5533.23,5453.12,5531.44,7754839433
MOEXOG,D,230130,000000,5556.28,5562.86,5516.72,5551.5,5414881921
MOEXOG,D,230131,000000,5543.93,5571.6,5540.44,5562.22,6205567192
MOEXOG,D,230201,000000,5567.65,5584.23,5553.11,5561.92,5917382398
MOEXOG,D,230202,000000,5567.44,5584.43,5546.51,5563.41,6271984217
MOEXOG,D,230203,000000,5554.8,5585.92,5514.81,5574.72,14613789965
MOEXOG,D,230206,000000,5558.66,5628.7,5558.6,5620.13,10905033292
MOEXOG,D,230207,000000,5662.13,5686.36,5632.33,5668.26,9408590202
MOEXOG,D,230208,000000,5690.76,5709.71,5609.52,5614.84,9173912897
MOEXOG,D,230209,000000,5635.98,5653.88,5599.85,5643.51,8271593868
MOEXOG,D,230210,000000,5615.82,5642.04,5598.82,5637.97,4543595281
MOEXOG,D,230213,000000,5637.18,5650.9,5629.32,5636.06,5206491182
MOEXOG,D,230214,000000,5618.59,5625.93,5563.54,5570.36,7374032127
MOEXOG,D,230215,000000,5531.52,5531.52,5421.24,5421.94,8664915133
MOEXOG,D,230216,000000,5442.86,5481.17,5411.91,5414.55,6363507455
MOEXOG,D,230217,000000,5424.24,5482.88,5401.87,5452.74,4977408526
MOEXOG,D,230220,000000,5453.31,5493.31,5388.19,5485.51,6437015692
MOEXOG,D,230221,000000,5487.7,5558.71,5486.37,5522.69,8270703213
MOEXOG,D,230222,000000,5525.39,5539.21,5482.08,5532.09,4534439551
MOEXOG,D,230224,000000,5529.41,5545.15,5497.79,5506.66,3110083217
MOEXOG,D,230227,000000,5491.19,5579.41,5487.85,5579.41,6423029520
MOEXOG,D,230228,000000,5582.39,5650.44,5572.79,5641.19,11695358012
MOEXOG,D,230301,000000,5657.48,5728.89,5646.1,5712.97,17922366790
MOEXOG,D,230302,000000,5726.49,5735.08,5605.04,5642.94,17865333409
MOEXOG,D,230303,000000,5637.54,5684.79,5636.61,5683.6,7447732987
MOEXOG,D,230306,000000,5717.58,5754.66,5707.05,5751.09,9474133640
MOEXOG,D,230307,000000,5753.96,5753.96,5723.37,5741.6,6253058956
MOEXOG,D,230309,000000,5734.41,5750.21,5701.52,5735.85,5493484011
MOEXOG,D,230310,000000,5681.14,5728,5676.56,5710.8,7073315056
MOEXOG,D,230313,000000,5720.4,5736.03,5644.68,5692.61,8620047109
MOEXOG,D,230314,000000,5674.94,5734.16,5668.16,5734.16,6561006842
MOEXOG,D,230315,000000,5729.38,5744.33,5635.24,5663.68,9759328854
MOEXOG,D,230316,000000,5667.49,5700.34,5628.93,5678.27,9419203421
MOEXOG,D,230317,000000,5721.02,5813.9,5704.07,5810.05,18243315572
MOEXOG,D,230320,000000,5844.89,6027.77,5813.25,6027.77,30547521712
MOEXOG,D,230321,000000,6085.89,6129.86,5983.09,6032.7,28985548769
MOEXOG,D,230322,000000,5988.78,6019.47,5947.88,6008.27,11632404211
MOEXOG,D,230323,000000,5985.62,6017.63,5965.76,5998.96,8049040311
MOEXOG,D,230324,000000,5994.86,6027.03,5987.2,6021.32,5291689682
MOEXOG,D,230327,000000,6056.45,6178.55,6055.05,6178.55,14692610038
MOEXOG,D,230328,000000,6203.67,6207.41,6099.55,6162.61,10962870427
MOEXOG,D,230329,000000,6181.62,6197.58,6137.34,6184.7,9103645349
MOEXOG,D,230330,000000,6180.43,6232.76,6157.53,6212.11,7847363336
MOEXOG,D,230331,000000,6231.56,6236.77,6104.9,6174.3,12246891317
MOEXOG,D,230403,000000,6282.44,6316.9,6246.75,6288.49,14955474517
MOEXOG,D,230404,000000,6316.02,6464.79,6307.87,6376.13,27161007539
MOEXOG,D,230405,000000,6386.41,6452.52,6324.88,6452.52,13449116890
MOEXOG,D,230406,000000,6465.01,6547.37,6455.66,6490.06,16725510747
MOEXOG,D,230407,000000,6521.63,6537.42,6456.41,6522.12,10211662768
MOEXOG,D,230410,000000,6580.41,6626.42,6571.84,6603.52,10771436923
MOEXOG,D,230411,000000,6636.41,6670.31,6507.91,6550.6,30048165531
MOEXOG,D,230412,000000,6568.74,6608.33,6515.52,6565.95,14597923847
MOEXOG,D,230413,000000,6596.89,6611.66,6537.17,6566.23,11947022035
MOEXOG,D,230414,000000,6568.14,6591.99,6531.11,6591.99,10540978950
MOEXOG,D,230417,000000,6633.73,6687.71,6633.73,6687.71,11745614573
MOEXOG,D,230418,000000,6693.6,6718.48,6641.85,6694.6,14279076338
MOEXOG,D,230419,000000,6681.54,6699.04,6609.43,6663.68,19268615278
MOEXOG,D,230420,000000,6632.62,6776.6,6551.7,6769.21,33600073848
MOEXOG,D,230421,000000,6776.71,6816.18,6758.7,6808.36,14445550855
MOEXOG,D,230424,000000,6806.92,6845.22,6771.11,6798.42,16868628269
MOEXOG,D,230425,000000,6815.95,6826.96,6755.91,6767.25,11272859152
MOEXOG,D,230426,000000,6772.96,6776.61,6723.13,6739.27,8282249232
MOEXOG,D,230427,000000,6733.48,6801.08,6725.23,6801.08,14660013857
MOEXOG,D,230428,000000,6816.91,6825.9,6701.16,6764.02,14548715563
MOEXOG,D,230502,000000,6733.11,6746.44,6542,6586.32,15618939127
MOEXOG,D,230503,000000,6575.46,6577.37,6420.16,6420.16,16183151055
MOEXOG,D,230504,000000,6405.71,6448.27,6370.68,6375.24,8783946257
MOEXOG,D,230505,000000,6421.2,6447.23,6381.86,6411.09,7785193013
MOEXOG,D,230508,000000,6393.7,6423.18,6363.83,6415.71,4658792155
MOEXOG,D,230510,000000,6419.84,6618.07,6417.97,6591.29,17143636716
MOEXOG,D,230511,000000,6650.05,6725.6,6630.23,6691.99,18548787834
MOEXOG,D,230512,000000,6645.7,6680.98,6601.84,6641.75,11918905625
MOEXOG,D,230515,000000,6703.23,6802.94,6701.14,6798.51,18833205559
MOEXOG,D,230516,000000,6883.38,6919.03,6811.11,6848.94,20155424611
MOEXOG,D,230517,000000,6851.61,6877.18,6813.69,6835.11,11858354627
MOEXOG,D,230518,000000,6886.27,6942.63,6799.58,6820.98,29558723997
MOEXOG,D,230519,000000,6809.92,6812.56,6763.42,6784.34,14279247527
MOEXOG,D,230522,000000,6827.98,6838.46,6793.01,6830.46,15229000729
MOEXOG,D,230523,000000,6854.01,6885.26,6786.4,6862.46,36850195371
MOEXOG,D,230524,000000,6891.69,6917.53,6853.14,6901.23,19232370643
MOEXOG,D,230525,000000,6928.67,6928.67,6850.86,6879.89,16152089108
MOEXOG,D,230526,000000,6872.24,6962.8,6871.96,6960.09,13989924071
MOEXOG,D,230529,000000,7016.22,7095.04,7016.22,7095.04,23062647830
MOEXOG,D,230530,000000,7024.83,7139.93,6990.37,7038.57,28204759565
MOEXOG,D,230531,000000,7043.16,7117.02,7028.16,7111.5,15860738152
MOEXOG,D,230601,000000,7125.78,7195.13,7125.78,7194.62,16539193577
MOEXOG,D,230602,000000,7110.24,7234.95,7110.24,7226.1,25687465000
MOEXOG,D,230605,000000,7299.99,7372.57,7190.48,7236.05,28165682260
MOEXOG,D,230606,000000,7173.6,7231.21,7047.1,7212.68,23341869768
MOEXOG,D,230607,000000,7252.55,7270.21,7184.58,7215.1,14983430690
MOEXOG,D,230608,000000,7186.76,7234.54,7176.55,7231.58,12248576015
MOEXOG,D,230609,000000,7275.51,7300.55,7245.84,7277.6,14818426925
MOEXOG,D,230613,000000,7322.06,7421.78,7322.06,7401.46,20786690339
MOEXOG,D,230614,000000,7467.52,7488.86,7402.56,7462.33,26236170379
MOEXOG,D,230615,000000,7507.01,7608.44,7475.96,7577.33,25167003027
MOEXOG,D,230616,000000,7630.78,7637.96,7540.15,7591.75,15204333427
MOEXOG,D,230619,000000,7568.27,7593.09,7501.74,7593.09,16477724516
MOEXOG,D,230620,000000,7572.7,7585.84,7479.64,7551.01,18090675133
MOEXOG,D,230621,000000,7554.32,7561.32,7519.55,7559.66,14475675919
MOEXOG,D,230622,000000,7543.01,7593.19,7525.34,7576.04,12160710635
MOEXOG,D,230623,000000,7504.14,7527.71,7431.85,7524.97,13909847351
MOEXOG,D,230626,000000,7453.92,7490.46,7387.5,7455.12,17331651955
MOEXOG,D,230627,000000,7466.61,7519.92,7415.73,7491.07,15626290462
MOEXOG,D,230628,000000,7513.12,7559.75,7503.49,7549.43,14725358806
MOEXOG,D,230629,000000,7548.81,7598.92,7536.28,7585.58,15628804632
MOEXOG,D,230630,000000,7610.27,7620.71,7555.54,7612.07,17483395965
MOEXOG,D,230703,000000,7604.88,7605.03,7514.45,7516.12,13425505139
MOEXOG,D,230704,000000,7513.72,7534.5,7438.12,7534.5,18058733956
MOEXOG,D,230705,000000,7495.78,7555.23,7490.57,7513.92,15383982336
MOEXOG,D,230706,000000,7514.75,7577.26,7505.87,7524.09,21352147874
MOEXOG,D,230707,000000,7529.66,7594.02,7499.7,7588.16,15067450209
MOEXOG,D,230710,000000,7561.21,7617.33,7561.21,7594.09,18648182356
MOEXOG,D,230711,000000,7598.06,7621.47,7572.7,7598.27,12531148214
MOEXOG,D,230712,000000,7637.03,7732.45,7634.38,7729.95,17222805472
MOEXOG,D,230713,000000,7754.25,7788.66,7664.78,7686.33,15909182498
MOEXOG,D,230714,000000,7673.48,7742.21,7655.77,7730.48,12550381192
MOEXOG,D,230717,000000,7683.55,7759.95,7683.55,7746.52,15119492816
MOEXOG,D,230718,000000,7756.24,7841.57,7756.24,7841.57,25289168720
MOEXOG,D,230719,000000,7791.09,7814.21,7726.03,7752.87,19479981543
MOEXOG,D,230720,000000,7742.09,7745.94,7639.12,7657.03,13663514896
MOEXOG,D,230721,000000,7615.99,7701.08,7605.49,7701.08,11939539875
MOEXOG,D,230724,000000,7710.97,7751.74,7696.33,7701.23,10064438573
MOEXOG,D,230725,000000,7738.18,7792.72,7720.95,7792.72,14294275067
MOEXOG,D,230726,000000,7788.02,7829.75,7744.01,7807.29,14743005880
MOEXOG,D,230727,000000,7823.44,7860.49,7823.44,7860.49,14033769873
MOEXOG,D,230728,000000,7843.44,7931.42,7831.95,7930.84,16542204793
MOEXOG,D,230731,000000,7980.17,8046.57,7980.17,8046.57,24872086985
MOEXOG,D,230801,000000,8056.15,8166.1,7980.46,8119.09,25144245666
MOEXOG,D,230802,000000,8138.28,8275.44,8101.24,8208.78,27341561942
MOEXOG,D,230803,000000,8227.68,8358.11,8205.28,8344.94,25340697456
MOEXOG,D,230804,000000,8378.53,8525.43,8166.33,8249.95,49340912959
MOEXOG,D,230807,000000,8337.38,8459.15,8252.84,8252.84,25033619957
MOEXOG,D,230808,000000,8243.46,8279.06,8107.61,8252.46,24788838679
MOEXOG,D,230809,000000,8334.87,8375.54,8262.08,8321.53,18589199266
MOEXOG,D,230810,000000,8402.89,8495.64,8392.79,8474.25,23409160677
MOEXOG,D,230811,000000,8503.05,8554.88,8444.41,8539.16,22071832787
MOEXOG,D,230814,000000,8655.25,8826.89,8461.5,8513.99,77978977749
MOEXOG,D,230815,000000,8356.47,8666.41,8351.89,8509.07,51108713501
MOEXOG,D,230816,000000,8491.77,8522.08,8198.47,8294.2,40546017284
MOEXOG,D,230817,000000,8371.1,8395.27,8252.56,8333.7,19735831877
MOEXOG,D,230818,000000,8376.15,8459.95,8331.69,8459.95,13990487329
MOEXOG,D,230821,000000,8554.78,8578.77,8502.57,8520.68,22833917590
MOEXOG,D,230822,000000,8539.58,8624.96,8489.54,8596.15,43858260604
MOEXOG,D,230823,000000,8667,8670.78,8467.47,8552.82,28421200924
MOEXOG,D,230824,000000,8477.18,8523.79,8450.43,8523.79,14511178816
MOEXOG,D,230825,000000,8571.39,8588.93,8512.17,8573.15,14568790434
MOEXOG,D,230828,000000,8597.48,8639.27,8582.45,8638.47,18128083334
MOEXOG,D,230829,000000,8661.07,8704.24,8627.55,8684.23,34217181930
MOEXOG,D,230830,000000,8763.25,8804.82,8703.23,8741.69,32801013734
MOEXOG,D,230831,000000,8786.06,8818.08,8740.6,8785.23,24803574061
MOEXOG,D,230901,000000,8784.5,8821.76,8761.97,8821.76,26421719749
MOEXOG,D,230904,000000,8852.94,8919.63,8852.94,8919.63,27822605461
MOEXOG,D,230905,000000,8937.07,9004.33,8883.77,8966.89,29897483966
MOEXOG,D,230906,000000,8987.65,8992.21,8933.32,8956.68,25014221933
MOEXOG,D,230907,000000,8969.49,9023.39,8679.75,8757.42,43890240224
MOEXOG,D,230908,000000,8788.56,8820.52,8624.53,8687.86,26633820732
MOEXOG,D,230911,000000,8680.05,8713.03,8579.29,8631.26,26989459695
MOEXOG,D,230912,000000,8602.33,8764.62,8602.33,8764.62,28217221299
MOEXOG,D,230913,000000,8755.49,8794.98,8730.59,8730.59,10928401252
MOEXOG,D,230914,000000,8744.05,8748.55,8528,8708.63,36959226283
MOEXOG,D,230915,000000,8678.66,8758.7,8643.69,8758.7,23005367348
MOEXOG,D,230918,000000,8806.53,8860.36,8726.34,8747.68,26170852066
MOEXOG,D,230919,000000,8745.82,8768.83,8508.1,8607.07,32521483272
MOEXOG,D,230920,000000,8557.45,8624.14,8410.28,8534.92,35870754197
MOEXOG,D,230921,000000,8485.49,8517.54,8329.33,8366.93,30700858032
MOEXOG,D,230922,000000,8333.56,8455.69,8266.74,8437.08,25125172857
MOEXOG,D,230925,000000,8458.97,8475.2,8395.26,8471.8,15253585946
MOEXOG,D,230926,000000,8411.61,8451.28,8329.29,8451.28,16303982276
MOEXOG,D,230927,000000,8464.46,8567.98,8461.15,8524.23,15946841549
MOEXOG,D,230928,000000,8572.91,8672.12,8567.35,8672.12,19164412466
MOEXOG,D,230929,000000,8713.47,8784.24,8672.75,8781.67,26782343998
MOEXOG,D,231002,000000,8850.78,8937.29,8824.88,8870.68,34166282499
MOEXOG,D,231003,000000,8840.34,8916.69,8767.73,8916.69,23730027274
MOEXOG,D,231004,000000,8900.3,8976.2,8889.26,8898.54,21776370707
MOEXOG,D,231005,000000,8864.71,8922.68,8798.89,8896.06,16569013431
MOEXOG,D,231006,000000,8927.68,8944.9,8861.1,8924.15,17663967601
MOEXOG,D,231009,000000,9000.07,9042.58,8989.28,9011.34,26594110228
MOEXOG,D,231010,000000,8994.94,9033.28,8968.4,9005.28,16719224268
MOEXOG,D,231011,000000,8963.69,9040.42,8943.74,9016.82,39188236439
MOEXOG,D,231012,000000,8780.87,8940.36,8771.09,8928.26,35912030978
MOEXOG,D,231013,000000,8946.55,9018.33,8923.94,8988.1,26256915071
MOEXOG,D,231016,000000,9070.9,9143.04,9065.65,9140.77,30313973219
MOEXOG,D,231017,000000,9149.14,9181.71,9115.99,9161.29,25468190008
MOEXOG,D,231018,000000,9201.22,9299.83,9172.51,9238.16,43643316074
MOEXOG,D,231019,000000,9233.88,9258.24,9178.46,9215.76,18888513005
MOEXOG,D,231020,000000,9261.16,9262.43,9150.15,9258.79,19910155871
MOEXOG,D,231023,000000,9248.09,9274.66,9148.06,9185.03,18391700625
MOEXOG,D,231024,000000,9142.54,9195.16,9090.29,9188.72,20617467965
MOEXOG,D,231025,000000,9155.19,9197.23,9114.29,9176.68,23258507367
MOEXOG,D,231026,000000,9217.93,9230.24,9077.93,9088.78,31247222293
MOEXOG,D,231027,000000,9078.73,9142.1,8976.63,9080.37,24644178342
MOEXOG,D,231030,000000,9127.37,9144.29,9076.86,9111.44,16499420018
MOEXOG,D,231031,000000,9089.12,9120.83,8944.16,9019.03,20028845147
MOEXOG,D,231101,000000,8990.11,9042.32,8971.87,9016.01,13435150161
MOEXOG,D,231102,000000,9043.98,9072.59,8963.3,8963.3,15161506539
MOEXOG,D,231103,000000,8999.53,9015.29,8919.79,8970.61,12320104121
MOEXOG,D,231106,000000,8972.09,9082.6,8965.96,9079.23,10922613934
MOEXOG,D,231107,000000,9082.94,9098.44,9052.76,9098.44,12759375617
MOEXOG,D,231108,000000,9061.44,9117.8,9037.32,9082.43,12842110403
MOEXOG,D,231109,000000,9058.53,9071.64,9014.08,9071.64,15201660990
MOEXOG,D,231110,000000,9072.51,9137.92,9054.47,9137.14,16015904705
MOEXOG,D,231113,000000,9139.66,9139.66,9099.15,9135.68,12617487715
MOEXOG,D,231114,000000,9092.32,9093.42,8974.46,9020.89,17977936265
MOEXOG,D,231115,000000,8964.77,9034.57,8928.91,9020.86,16773170278
MOEXOG,D,231116,000000,8978.27,8997.67,8904.42,8922.71,11554497945
MOEXOG,D,231117,000000,8840.85,8999.44,8781.84,8991.56,21359165432
MOEXOG,D,231120,000000,8986.29,9011.84,8940.72,8981.51,10772892997
MOEXOG,D,231121,000000,8939.3,9032.83,8921.64,9032.83,13702013689
MOEXOG,D,231122,000000,9039.8,9073.93,9007.8,9043.56,15446388559
MOEXOG,D,231123,000000,9044.45,9053.11,9014.34,9024.53,9082481729
MOEXOG,D,231124,000000,9030.53,9060.5,8982.66,9035.28,11189173803
MOEXOG,D,231127,000000,9046.6,9054.5,8929.81,8977.84,15006788095
MOEXOG,D,231128,000000,8970.51,9025,8890.37,9021.11,11759007137
MOEXOG,D,231129,000000,9032.91,9048.36,8971,8973.54,10986412619
MOEXOG,D,231130,000000,9026.38,9027.55,8928.53,8996.78,14505344525
MOEXOG,D,231201,000000,8969.26,8997.2,8906.82,8932.37,11631549662
MOEXOG,D,231204,000000,8850.72,8864.74,8773.92,8818.42,15078600326
MOEXOG,D,231205,000000,8785.49,8895.86,8751.14,8873.42,13213266760
MOEXOG,D,231206,000000,8885.75,8901.12,8733.59,8742.24,12699061532
MOEXOG,D,231207,000000,8714.41,8772.18,8644.35,8720.38,19129555442
MOEXOG,D,231208,000000,8741.61,8798.53,8703.15,8757.82,9393525251
MOEXOG,D,231211,000000,8762.27,8762.27,8597.44,8608.64,22566562907
MOEXOG,D,231212,000000,8593.56,8652.05,8483.48,8566.78,19971106903
MOEXOG,D,231213,000000,8529.72,8639.04,8512.25,8612.48,9383395648
MOEXOG,D,231214,000000,8650.37,8663.24,8488.25,8495.89,12539508296
MOEXOG,D,231215,000000,8357.21,8587.35,8352.21,8587.35,25492435257
MOEXOG,D,231218,000000,8655.4,8759.89,8655.4,8712.3,21969987586
MOEXOG,D,231219,000000,8725.84,8785.59,8709.15,8768.06,18607536584
MOEXOG,D,231220,000000,8799.31,8889.27,8788.13,8845.84,18759873348
MOEXOG,D,231221,000000,8813.43,8823.78,8671.97,8743.03,23213850092
MOEXOG,D,231222,000000,8755.08,8823.78,8743.9,8781.92,13446841468
MOEXOG,D,231225,000000,8765.72,8823.24,8760.1,8801.61,17401819892
MOEXOG,D,231226,000000,8810.26,8855.24,8791.87,8832.27,13218825833
MOEXOG,D,231227,000000,8859.65,8909.61,8836.26,8836.26,16248739046
MOEXOG,D,231228,000000,8849.45,8858.71,8798.71,8849.38,14962429252
MOEXOG,D,231229,000000,8813.7,8858.67,8775.47,8846.39,9722823754
MOEXOG,D,240103,000000,8848.8,8953.12,8847.25,8942.6,6297016445
MOEXOG,D,240104,000000,8974.5,8992.2,8955.7,8968.42,5219446697
MOEXOG,D,240105,000000,8979.14,9001.27,8946.74,8971.86,4856630974
MOEXOG,D,240108,000000,8981.64,9017.8,8978.07,9015.21,8967786640
MOEXOG,D,240109,000000,8963.63,8965.15,8908.13,8950.96,17600507105
MOEXOG,D,240110,000000,8953.93,9035,8951,8992.68,14806371503
MOEXOG,D,240111,000000,8940.78,8985.37,8915.78,8985.37,18539048713
MOEXOG,D,240112,000000,8998.39,9070.43,8988.31,9017.92,16814200686
MOEXOG,D,240115,000000,9037.53,9055.48,8989.15,9009.04,13912210434
MOEXOG,D,240116,000000,9015.11,9018.32,8945.92,9013.05,16100933509
MOEXOG,D,240117,000000,8985.66,9035.34,8972.8,9012.92,14439131257
MOEXOG,D,240118,000000,9028.83,9044.03,8975.55,8991.3,14792648391
MOEXOG,D,240119,000000,8990.81,8999.43,8925.43,8967.95,12261836191
MOEXOG,D,240122,000000,8939.54,8991.85,8934.34,8957.15,10873379855
MOEXOG,D,240123,000000,8976.55,8985.43,8942.01,8982.49,12268711298
MOEXOG,D,240124,000000,8985.73,9007.62,8932.72,8977.83,12752756957
MOEXOG,D,240125,000000,8995.4,8999.9,8938.19,8953.57,12228455501
MOEXOG,D,240126,000000,8990.2,8995.84,8953.51,8953.51,12942852698
MOEXOG,D,240129,000000,8985.31,9011.28,8973.7,8982.2,13425712153
MOEXOG,D,240130,000000,8996.43,9016,8970.23,8986.05,13780534004
MOEXOG,D,240131,000000,8992.79,9079.28,8988.8,9055.11,20459119655
MOEXOG,D,240201,000000,9094.19,9149.74,9085.01,9142.15,18806428153
MOEXOG,D,240202,000000,9136.08,9178.68,9101.48,9152.71,16811648853
MOEXOG,D,240205,000000,9153.98,9201.78,9151.27,9179.06,17812712992
MOEXOG,D,240206,000000,9221.65,9232.18,9189.47,9211.41,12380616743
MOEXOG,D,240207,000000,9226.66,9245.08,9203.46,9220.53,15302918568
MOEXOG,D,240208,000000,9194.24,9211,9134.99,9173.49,15638874208
MOEXOG,D,240209,000000,9139.21,9190.37,9122.39,9171.24,11770574420
MOEXOG,D,240212,000000,9180.27,9189.89,9108.26,9169.42,12418200799
MOEXOG,D,240213,000000,9187.08,9215.13,9173.64,9198.82,13540396378
MOEXOG,D,240214,000000,9227.08,9236.59,9187.56,9198.75,14362239163
MOEXOG,D,240215,000000,9171.38,9209.97,9148.16,9207.46,14019023019
MOEXOG,D,240216,000000,9224.66,9234.34,9148.72,9158.72,16383970350
MOEXOG,D,240219,000000,9177.84,9186.18,9134.61,9140.84,12999187809
MOEXOG,D,240220,000000,9105.56,9114.36,9026.73,9031.36,16245367246
MOEXOG,D,240221,000000,8963.97,8981.77,8818.81,8845.97,30598623655
MOEXOG,D,240222,000000,8865.79,8893.4,8810.62,8811.1,18249502219
MOEXOG,D,240226,000000,8939.38,9004.8,8939.38,8990.82,16625656315
MOEXOG,D,240227,000000,9000.13,9018.22,8957.32,8967.84,13316728920
MOEXOG,D,240228,000000,8987.31,9050.46,8979.5,8992.77,16426042659
MOEXOG,D,240229,000000,9013.33,9121.03,8986.92,9112.03,16026049628
MOEXOG,D,240301,000000,9123,9136.27,9079.01,9114.1,15057571467
MOEXOG,D,240304,000000,9131.38,9170.04,9112.38,9160.71,25959480779
MOEXOG,D,240305,000000,9179.18,9225.34,9133.88,9192.43,17677421820
MOEXOG,D,240306,000000,9188.99,9280.5,9168.55,9238.15,16624568939
MOEXOG,D,240307,000000,9242.63,9270.09,9218.19,9251.07,11187001004
MOEXOG,D,240311,000000,9289.16,9313.17,9260.61,9280.14,15539674269
MOEXOG,D,240312,000000,9281.56,9342.21,9238.93,9332.07,19156378150
MOEXOG,D,240313,000000,9338.38,9352.51,9238.26,9242.9,18769478319
MOEXOG,D,240314,000000,9234.15,9245.64,9176.11,9209.03,19751148751
MOEXOG,D,240315,000000,9209.5,9252.87,9178.43,9178.43,16108830355
MOEXOG,D,240318,000000,9191.3,9211.15,9155.61,9161.34,14587050109
MOEXOG,D,240319,000000,9161.13,9182.53,8987.56,9012.24,33475341957
MOEXOG,D,240320,000000,9036.62,9059.96,8957,8969.1,34972173840
MOEXOG,D,240321,000000,9044.42,9086.46,8975.21,9025.33,26124115046
MOEXOG,D,240322,000000,9068,9076.88,8955.79,8994.63,38663290475
MOEXOG,D,240325,000000,8972.18,9002.87,8909.96,9002.87,23972390778
MOEXOG,D,240326,000000,9008.35,9014,8950.66,8989.1,21688999286
MOEXOG,D,240327,000000,9016.09,9016.09,8947.6,8998.02,15238935891
MOEXOG,D,240328,000000,9014.94,9051.93,8996.22,9044.28,20707280618
MOEXOG,D,240329,000000,9056.41,9118.87,9033.73,9118.87,20980510429
MOEXOG,D,240401,000000,9162.41,9236.13,9155.22,9222.28,27195567793
MOEXOG,D,240402,000000,9241.2,9241.33,9181.44,9215.64,35032524946
MOEXOG,D,240403,000000,9262.29,9262.29,9206.92,9251.97,25956545257
MOEXOG,D,240404,000000,9260.48,9324.69,9253.3,9309.92,27238872493
MOEXOG,D,240405,000000,9288.54,9306.64,9251.85,9284.41,24570785442
MOEXOG,D,240408,000000,9289.16,9367.09,9279.76,9332.62,38735441681
MOEXOG,D,240409,000000,9352.09,9388.78,9264.16,9283.55,40209114833
MOEXOG,D,240410,000000,9302.6,9352.2,9248.83,9339.24,16536689144
MOEXOG,D,240411,000000,9364.38,9393.58,9341.05,9354.34,20508984311
MOEXOG,D,240412,000000,9378.42,9408.49,9350.71,9374.42,17336695832
MOEXOG,D,240415,000000,9403.92,9505.22,9403.92,9477.01,24658064023
MOEXOG,D,240416,000000,9504.8,9511.73,9446.35,9451.85,21195909101
MOEXOG,D,240417,000000,9474.36,9492.81,9384,9402.11,20790432035
MOEXOG,D,240418,000000,9398.72,9408.6,9331.08,9384.87,19755032573
MOEXOG,D,240419,000000,9419.9,9480.03,9388.75,9462.44,24735913787
MOEXOG,D,240422,000000,9458.19,9484.35,9418.1,9438.34,25431457627
MOEXOG,D,240423,000000,9450.62,9489.84,9342.59,9350.34,31043114490
MOEXOG,D,240424,000000,9370.04,9385.67,9307.31,9312,15894903866
MOEXOG,D,240425,000000,9317.81,9333.07,9296.29,9301.67,12428817528
MOEXOG,D,240426,000000,9334.41,9362.54,9300.83,9330.62,14394133171
MOEXOG,D,240427,000000,9339,9414.83,9339,9404.36,16318079155
MOEXOG,D,240429,000000,9408.4,9451.79,9398.59,9428.93,10593823974
MOEXOG,D,240430,000000,9451.53,9463.95,9398.88,9408.62,8793151510
MOEXOG,D,240502,000000,9409.72,9430.33,9338.12,9356.25,28135446947
MOEXOG,D,240503,000000,9360.42,9382.64,9313.01,9355.66,20084689978
MOEXOG,D,240506,000000,9360.65,9362.44,9295.77,9332.46,33899072917
MOEXOG,D,240507,000000,9263.1,9358.89,9263.1,9330.1,36073448612
MOEXOG,D,240508,000000,9362.37,9362.37,9316.86,9316.86,15917218332
MOEXOG,D,240510,000000,9341.9,9368.87,9341.9,9360.07,6186310050
MOEXOG,D,240513,000000,9385.11,9420.56,9354.82,9394.87,24615129528
MOEXOG,D,240514,000000,9432.43,9432.97,9388.54,9393.3,22499482215
MOEXOG,D,240515,000000,9405.72,9413.38,9354.91,9376.78,41940933055
MOEXOG,D,240516,000000,9419.62,9453.78,9392.53,9427.89,21308134893
MOEXOG,D,240517,000000,9463.07,9468.52,9401.87,9410.33,22843185905
MOEXOG,D,240520,000000,9427.26,9431.91,9304.34,9314.08,0
MOEXOG,D,240521,000000,9227.68,9296.31,9109.7,9163.19,41593615439
MOEXOG,D,240522,000000,9202.51,9247.53,9195.06,9229.81,18389045991
MOEXOG,D,240523,000000,9206.56,9206.56,9119.59,9156.26,24497211402
MOEXOG,D,240524,000000,9155.15,9165.3,8954.11,9011.16,32064315650
MOEXOG,D,240527,000000,8967.01,9006.47,8752.1,8752.48,31848786637
MOEXOG,D,240528,000000,8801.38,8893.61,8688.39,8749.27,26456553985
MOEXOG,D,240529,000000,8797.25,8816.85,8735.96,8798.31,16704129165
MOEXOG,D,240530,000000,8858.79,8864.91,8703.67,8712.37,15334246669
MOEXOG,D,240531,000000,8638.89,8685.39,8529.9,8547.16,24006411654
MOEXOG,D,240603,000000,8523.01,8584.51,8216.51,8362.32,43074831936
MOEXOG,D,240604,000000,8441.85,8518.48,8351.92,8465.71,23552597590
MOEXOG,D,240605,000000,8579.52,8606.5,8489.05,8544.49,19712933312
MOEXOG,D,240606,000000,8493.36,8544.4,8427.42,8471.23,11792874728
MOEXOG,D,240607,000000,8501.11,8667.68,8477.49,8538.98,26722340070
MOEXOG,D,240610,000000,8603.37,8623.85,8412.07,8420.5,21696268478
MOEXOG,D,240611,000000,8406.44,8449.22,8338.97,8415.05,25519808633
MOEXOG,D,240613,000000,8026.95,8403.56,8003.99,8369.94,33699808751
MOEXOG,D,240614,000000,8360.04,8529.03,8334.4,8507.05,18506236735
MOEXOG,D,240617,000000,8535.25,8542.85,8440.08,8440.08,17408720133
MOEXOG,D,240618,000000,8446.7,8467.38,8251.27,8267.16,17956168752
MOEXOG,D,240619,000000,8228.87,8266.83,7979.64,8015.94,31504023484
MOEXOG,D,240620,000000,8031.15,8248.14,7888.81,8246.65,81538822661
MOEXOG,D,240621,000000,8260.3,8299.49,8144.47,8201.42,20918691369
MOEXOG,D,240624,000000,8175.25,8229.63,8115.78,8138.01,15057953449
MOEXOG,D,240625,000000,8142.09,8212.61,8088.37,8208.03,13449618314
MOEXOG,D,240626,000000,8294.93,8347.22,8263.14,8330.97,16681110741
MOEXOG,D,240627,000000,8344.39,8354.88,8251.97,8319.6,14231051872
MOEXOG,D,240628,000000,8320.2,8408.12,8305,8403.37,17781701903
MOEXOG,D,240701,000000,8450.99,8552.22,8422.92,8552.22,18073714125
MOEXOG,D,240702,000000,8586.34,8692.6,8574.76,8676.17,32152278907
MOEXOG,D,240703,000000,8664.3,8705.67,8595.86,8627.72,31358327601
MOEXOG,D,240704,000000,8564.72,8607.35,8376.13,8413.33,26557850683
MOEXOG,D,240705,000000,8399.95,8476.67,8320.83,8440.08,35975493265
MOEXOG,D,240708,000000,8472.9,8511.41,8387.49,8416.07,25059929407
MOEXOG,D,240709,000000,8318.46,8326.25,8111.54,8125.68,33424619803
MOEXOG,D,240710,000000,8099.77,8132.58,7844.94,7878.29,39161637018
MOEXOG,D,240711,000000,7787.34,8061.26,7787.34,8032.04,33800282656
MOEXOG,D,240712,000000,8077.73,8088.08,7912.31,7942.83,22721351625
MOEXOG,D,240715,000000,7997.63,8013.49,7780.52,7789.17,23297589172
MOEXOG,D,240716,000000,7820.87,7965.56,7737.27,7898.91,33407120870
MOEXOG,D,240717,000000,7957.48,7985.5,7873.77,7927.04,28949293969
MOEXOG,D,240718,000000,7738.15,7925.17,7704.3,7925.17,34421328116
MOEXOG,D,240719,000000,7964.09,8085.42,7921.5,8033.51,30885551826
MOEXOG,D,240722,000000,8086.87,8141.82,8052.93,8099.83,25097779525
MOEXOG,D,240723,000000,8117.64,8123.95,8019.44,8120.77,17255693496
MOEXOG,D,240724,000000,8116.64,8214.46,8087.49,8198.65,23674511682
MOEXOG,D,240725,000000,8161.74,8179.73,8099.24,8169.96,15662776284
MOEXOG,D,240726,000000,8150.64,8209.46,7971.35,8039.65,31928610042
MOEXOG,D,240729,000000,7993.23,7993.23,7769.79,7769.79,28434527628
MOEXOG,D,240730,000000,7786.99,7922.3,7740.68,7877.5,25046392491
MOEXOG,D,240731,000000,7918.61,7923.98,7825.42,7875.89,18392950609
MOEXOG,D,240801,000000,7904.06,7940.71,7823.3,7826.36,12139119383
MOEXOG,D,240802,000000,7803.13,7842.09,7694.93,7727.79,17781563900
MOEXOG,D,240805,000000,7604.22,7644.81,7490.94,7554.17,30137526688
MOEXOG,D,240806,000000,7614.46,7646.78,7501.99,7541.34,17067070669
MOEXOG,D,240807,000000,7589.14,7679.82,7468.97,7678.13,23423795222
MOEXOG,D,240808,000000,7667.5,7716.94,7597.68,7612.98,16162993709
MOEXOG,D,240809,000000,7586.52,7649.96,7549.88,7597,59111575
MOEXOG,D,240812,000000,7573.76,7618.4,7488.42,7570.7,208829884
MOEXOG,D,240813,000000,7633.93,7732.91,7627.49,7706.46,253034308
MOEXOG,D,240814,000000,7735.03,7796.55,7672.03,7674.55,160510102
MOEXOG,D,240815,000000,7660.19,7683.68,7590.03,7594.55,177238506
MOEXOG,D,240816,000000,7593.49,7622.24,7531.86,7539.7,221299511
MOEXOG,D,240819,000000,7522.07,7553.13,7436.39,7439.27,17298344226
MOEXOG,D,240820,000000,7456.69,7515.06,7370.49,7415.79,164154070
MOEXOG,D,240821,000000,7416.93,7477.02,7354.86,7435.19,209719077
MOEXOG,D,240822,000000,7461.7,7475.87,7302.34,7302.74,164713404
MOEXOG,D,240823,000000,7282.73,7330.57,7117.37,7157.65,147260611
MOEXOG,D,240826,000000,7456.19,7621.7,7378.79,7510.9,280929613
MOEXOG,D,240827,000000,7592.4,7619.96,7414.95,7434.68,67629434
MOEXOG,D,240828,000000,7427.54,7433.61,7238.28,7352.79,222416164
MOEXOG,D,240829,000000,7408.12,7445.42,7336.84,7423.28,218199739
MOEXOG,D,240830,000000,7467.48,7467.48,7253.78,7285.37,22403441
MOEXOG,D,240902,000000,7193.09,7227.05,7014.38,7017.32,363117160
