<TICKER>,<PER>,<DATE>,<TIME>,<OPEN>,<HIGH>,<LOW>,<CLOSE>,<VOL>
USD000000TOD,D,200109,000000,61.3975,61.405,61.1075,61.27,842631000
USD000000TOD,D,200110,000000,61.2,61.3675,61.1375,61.295,738567000
USD000000TOD,D,200113,000000,61.0425,61.355,60.88,61.35,769162000
USD000000TOD,D,200114,000000,61.2925,61.4875,61.22,61.3525,770370000
USD000000TOD,D,200115,000000,61.395,61.8,61.34,61.4125,847319000
USD000000TOD,D,200116,000000,61.41,61.76,61.3725,61.655,917772000
USD000000TOD,D,200117,000000,61.6275,61.6625,61.2625,61.47,763984000
USD000000TOD,D,200121,000000,61.74,61.9625,61.6725,61.85,908578000
USD000000TOD,D,200122,000000,61.8275,62.05,61.7575,61.98,534228000
USD000000TOD,D,200123,000000,62,62.0525,61.825,61.9525,512381000
USD000000TOD,D,200124,000000,61.855,61.8975,61.7025,61.82,573723000
USD000000TOD,D,200127,000000,62.33,62.8175,62.1775,62.78,1076182000
USD000000TOD,D,200128,000000,62.845,63.1325,62.52,62.6025,631112000
USD000000TOD,D,200129,000000,62.32,62.7925,62.2725,62.64,667488000
USD000000TOD,D,200130,000000,62.83,63.31,62.82,63.2125,1079710000
USD000000TOD,D,200131,000000,63.2025,63.8325,63.0175,63.8175,1155671000
USD000000TOD,D,200203,000000,63.955,64.0925,63.5925,63.7275,858023000
USD000000TOD,D,200204,000000,63.605,63.605,63.08,63.22,775553000
USD000000TOD,D,200205,000000,63.16,63.2825,62.54,62.75,901959000
USD000000TOD,D,200206,000000,62.87,63.3975,62.715,63.3525,801222000
USD000000TOD,D,200207,000000,63.2625,64.1825,63.2075,64.165,920006000
USD000000TOD,D,200210,000000,63.93,64.2925,63.6425,64.18,623721000
USD000000TOD,D,200211,000000,63.86,64.1125,63.325,63.3825,599108000
USD000000TOD,D,200212,000000,63.25,63.25,62.9,63.12,764688000
USD000000TOD,D,200213,000000,63.52,63.7825,63.3975,63.4475,837550000
USD000000TOD,D,200214,000000,63.58,63.61,63.36,63.4425,562858000
USD000000TOD,D,200218,000000,63.6125,63.87,63.6075,63.69,619347000
USD000000TOD,D,200219,000000,63.9,63.9,63.45,63.6475,470390000
USD000000TOD,D,200220,000000,63.74,63.985,63.6475,63.9025,698557000
USD000000TOD,D,200221,000000,64.1425,64.54,64,64.5,910618000
USD000000TOD,D,200225,000000,65.55,65.5975,64.66,65.235,951566000
USD000000TOD,D,200226,000000,65.5,65.71,65.2925,65.3175,1065476000
USD000000TOD,D,200227,000000,65.65,66.23,65.4225,66.1,951744000
USD000000TOD,D,200228,000000,66.735,67.62,66.5375,67.17,1797695000
USD000000TOD,D,200302,000000,66.6,67.325,66.0925,67.0675,1298355000
USD000000TOD,D,200303,000000,66.45,66.66,66.1825,66.415,1058513000
USD000000TOD,D,200304,000000,65.955,66.2,65.505,66.075,987900000
USD000000TOD,D,200305,000000,66.07,66.88,66.0225,66.7825,862159000
USD000000TOD,D,200306,000000,67.6,68.3875,67.295,68.13,1057368000
USD000000TOD,D,200310,000000,72.225,72.985,66,71.88,1491058000
USD000000TOD,D,200311,000000,71.495,72.08,71.1225,72.05,976857000
USD000000TOD,D,200312,000000,73.72,75.48,73.62,75.05,1448920000
USD000000TOD,D,200313,000000,73.995,74.4325,72.03,72.7725,855949000
USD000000TOD,D,200316,000000,73.21,75.44,73.21,74.375,1195254000
USD000000TOD,D,200317,000000,74.15,75.2675,73.425,75.05,947875000
USD000000TOD,D,200318,000000,75.975,79.945,75.9,79.53,1259608000
USD000000TOD,D,200319,000000,80.455,81.98,79.25,80.315,1346675000
USD000000TOD,D,200320,000000,78.2,79.85,77.3725,79.0375,1110389000
USD000000TOD,D,200323,000000,80.21,81.9,79.4025,79.75,799988000
USD000000TOD,D,200324,000000,78.5,79.185,78.135,78.455,863511000
USD000000TOD,D,200325,000000,78.18,79.295,76.965,79.15,1050696000
USD000000TOD,D,200326,000000,78.5575,79.07,77.28,77.28,901357000
USD000000TOD,D,200327,000000,77.7625,79.26,77.57,79.215,1115386000
USD000000TOD,D,200330,000000,80,80.8,79.0925,79.7,717610000
USD000000TOD,D,200331,000000,79.41,79.41,77.975,78.3575,807438000
USD000000TOD,D,200401,000000,78.73,79.3675,78.5025,78.98,552086000
USD000000TOD,D,200402,000000,77.49,79.2325,77.09,77.7,736093000
USD000000TOD,D,200403,000000,77.64,77.69,76.5125,76.97,803139000
USD000000TOD,D,200406,000000,76.79,76.88,76.05,76.1675,687531000
USD000000TOD,D,200407,000000,75.465,75.92,75.185,75.5675,683765000
USD000000TOD,D,200408,000000,75.625,75.89,75.26,75.3975,571234000
USD000000TOD,D,200409,000000,75.0125,75.0125,72.605,73.2075,929862000
USD000000TOD,D,200410,000000,74.15,74.365,73.1325,73.4675,696622000
USD000000TOD,D,200413,000000,73.335,73.795,73.315,73.58,723883000
USD000000TOD,D,200414,000000,73.3725,73.5025,72.7225,72.785,465656000
USD000000TOD,D,200415,000000,73.475,74.975,73.4025,74.745,782882000
USD000000TOD,D,200416,000000,74.5,75.04,73.73,74.12,612336000
USD000000TOD,D,200417,000000,73.605,74.3825,73.485,74.27,755032000
USD000000TOD,D,200420,000000,74.805,75.065,74.1525,74.4425,790608000
USD000000TOD,D,200421,000000,75.6,77.35,75.6,76.88,1227129000
USD000000TOD,D,200422,000000,77.3325,77.59,75.795,76.01,752365000
USD000000TOD,D,200423,000000,75.3025,75.4,74.2325,74.38,843132000
USD000000TOD,D,200424,000000,74.81,74.87,73.9325,74.47,757221000
USD000000TOD,D,200427,000000,74.47,74.6925,74.025,74.405,1036717000
USD000000TOD,D,200428,000000,74.95,75.01,73.76,74.1675,795863000
USD000000TOD,D,200429,000000,73.795,73.825,73.2325,73.3,692387000
USD000000TOD,D,200430,000000,72.76,74.0675,72.5525,73.935,986849000
USD000000TOD,D,200506,000000,73.38,75,73.32,74.5025,1117833000
USD000000TOD,D,200507,000000,74.4,74.5,73.58,73.8875,623162000
USD000000TOD,D,200508,000000,73.7775,74.0825,73.17,73.24,614385000
USD000000TOD,D,200512,000000,73.7,73.7,72.96,73.1175,621897000
USD000000TOD,D,200513,000000,73.5125,73.685,73.08,73.435,499749000
USD000000TOD,D,200514,000000,73.95,74.485,73.64,74.07,724037000
USD000000TOD,D,200515,000000,73.4325,73.8475,72.985,73.53,736047000
USD000000TOD,D,200518,000000,73.3,73.31,72.56,72.7825,673548000
USD000000TOD,D,200519,000000,72.5,72.725,72.1975,72.4025,776037000
USD000000TOD,D,200520,000000,72.53,72.58,71.4075,71.41,734979000
USD000000TOD,D,200521,000000,71.15,71.2125,70.5875,70.855,945982000
USD000000TOD,D,200522,000000,71.62,72.0725,71.3,71.7525,876858000
USD000000TOD,D,200526,000000,71.26,71.3,70.62,70.62,710223000
USD000000TOD,D,200527,000000,71.0675,71.475,70.785,71.2825,715490000
USD000000TOD,D,200528,000000,71.02,71.2,70.61,70.69,592643000
USD000000TOD,D,200529,000000,70.495,70.825,70.3775,70.6,713540000
USD000000TOD,D,200601,000000,69.9,69.97,69.3875,69.505,751384000
USD000000TOD,D,200602,000000,69.02,69.1375,68.57,68.7025,657462000
USD000000TOD,D,200603,000000,68.5,68.9325,68.2075,68.7375,889049000
USD000000TOD,D,200604,000000,68.93,69.545,68.8075,69.14,744593000
USD000000TOD,D,200605,000000,68.81,68.9,68.24,68.41,798510000
USD000000TOD,D,200608,000000,68.4175,68.62,68.03,68.53,654194000
USD000000TOD,D,200609,000000,68.5025,68.94,68.3925,68.5725,768323000
USD000000TOD,D,200610,000000,68.5925,68.93,68.43,68.76,734756000
USD000000TOD,D,200611,000000,68.98,69.5175,68.7725,69.345,833474000
USD000000TOD,D,200615,000000,70.49,70.95,70.0125,70.2175,985167000
USD000000TOD,D,200616,000000,69.74,69.9275,69.1725,69.4875,700582000
USD000000TOD,D,200617,000000,69.455,69.88,69.3625,69.65,601937000
USD000000TOD,D,200618,000000,69.65,69.7125,69.15,69.62,669876000
USD000000TOD,D,200619,000000,69.505,69.6575,69.155,69.46,602341000
USD000000TOD,D,200622,000000,69.5325,69.59,69.12,69.2275,526792000
USD000000TOD,D,200623,000000,69.02,69.04,68.5625,68.6,755979000
USD000000TOD,D,200625,000000,69.655,69.75,69.145,69.2125,809120000
USD000000TOD,D,200626,000000,69.0825,69.89,69.03,69.875,834107000
USD000000TOD,D,200629,000000,69.79,70.4375,69.585,70.125,866538000
USD000000TOD,D,200630,000000,70.2,71.32,70.1525,71.2325,1087462000
USD000000TOD,D,200702,000000,70.9825,70.9825,69.5525,70.3375,635749000
USD000000TOD,D,200703,000000,70.3,71.55,70.28,71.445,719638000
USD000000TOD,D,200706,000000,70.9225,72.1,70.7875,71.61,796982000
USD000000TOD,D,200707,000000,71.9525,72.3,71.2275,71.325,804297000
USD000000TOD,D,200708,000000,71.49,71.56,71.03,71.28,632081000
USD000000TOD,D,200709,000000,71.02,71.07,70.49,70.8875,630628000
USD000000TOD,D,200710,000000,71.1825,71.42,70.6275,70.6675,592120000
USD000000TOD,D,200713,000000,70.5975,71.02,70.5,70.605,477444000
USD000000TOD,D,200714,000000,70.9,71.335,70.8275,71.1225,594374000
USD000000TOD,D,200715,000000,70.7525,71.1075,70.65,70.9,574177000
USD000000TOD,D,200716,000000,71.265,71.52,71.05,71.14,483183000
USD000000TOD,D,200717,000000,71.6575,71.93,71.5375,71.845,617196000
USD000000TOD,D,200720,000000,71.8425,72.135,71.3175,71.4775,561489000
USD000000TOD,D,200721,000000,71.1025,71.1375,70.6625,70.7875,640877000
USD000000TOD,D,200722,000000,70.7675,70.98,70.5925,70.8875,608391000
USD000000TOD,D,200723,000000,70.96,71.62,70.815,71.36,628089000
USD000000TOD,D,200724,000000,71.545,71.9825,71.32,71.7675,1205787000
USD000000TOD,D,200727,000000,71.51,71.9325,71.4225,71.65,460686000
USD000000TOD,D,200728,000000,71.785,72.6425,71.6125,72.58,709607000
USD000000TOD,D,200729,000000,72.5275,72.585,72.06,72.495,614011000
USD000000TOD,D,200730,000000,73.1,73.78,73.0525,73.685,745224000
USD000000TOD,D,200731,000000,73.34,74.1775,73.2625,74.12,723627000
USD000000TOD,D,200803,000000,74.4,74.61,73.475,73.57,644774000
USD000000TOD,D,200804,000000,73.0675,74.025,72.92,73.5775,526257000
USD000000TOD,D,200805,000000,73.2025,73.4825,72.71,72.92,669117000
USD000000TOD,D,200806,000000,72.92,73.6075,72.665,73.52,523263000
USD000000TOD,D,200807,000000,73.61,73.905,73.3,73.6325,598066000
USD000000TOD,D,200810,000000,73.8,73.9975,73.34,73.4725,437674000
USD000000TOD,D,200811,000000,73.5,73.565,72.6875,73.01,502560000
USD000000TOD,D,200812,000000,73.205,73.82,73,73.65,551097000
USD000000TOD,D,200813,000000,73.45,73.77,73.0725,73.2125,488774000
USD000000TOD,D,200814,000000,72.9,73.4625,72.88,72.89,553903000
USD000000TOD,D,200817,000000,72.99,73.7975,72.7675,73.6225,716560000
USD000000TOD,D,200818,000000,73.56,73.7,72.9325,73.2125,607059000
USD000000TOD,D,200819,000000,73.16,73.5875,73.0375,73.15,507484000
USD000000TOD,D,200820,000000,73.39,74.05,73.315,74.045,843072000
USD000000TOD,D,200821,000000,73.79,74.99,73.6425,74.755,877729000
USD000000TOD,D,200824,000000,74.525,74.58,74.155,74.47,648028000
USD000000TOD,D,200825,000000,74.4625,75.1525,74.315,75.0475,601373000
USD000000TOD,D,200826,000000,75.4125,75.995,75.34,75.5625,703175000
USD000000TOD,D,200827,000000,75.52,75.5325,74.72,75.14,934334000
USD000000TOD,D,200828,000000,74.5525,74.77,74.215,74.3,810136000
USD000000TOD,D,200831,000000,74.1,74.2975,73.6,74.185,678948000
USD000000TOD,D,200901,000000,73.6775,73.81,73.385,73.415,754528000
USD000000TOD,D,200902,000000,73.74,75.48,73.6225,75.42,746325000
USD000000TOD,D,200903,000000,75.425,75.84,74.8675,75.17,750353000
USD000000TOD,D,200904,000000,75.2025,75.53,74.9025,75.465,656823000
USD000000TOD,D,200908,000000,75.81,76.58,75.71,76.345,937162000
USD000000TOD,D,200909,000000,76.37,76.5225,75.415,75.44,732101000
USD000000TOD,D,200910,000000,75.3,75.6725,74.6625,74.9525,818686000
USD000000TOD,D,200911,000000,75.19,75.19,74.72,74.95,765709000
USD000000TOD,D,200914,000000,74.85,75.5275,74.5625,75.22,544477000
USD000000TOD,D,200915,000000,74.95,75.3725,74.8825,75.1325,817899000
USD000000TOD,D,200916,000000,74.9875,75.1,74.5125,74.9975,605989000
USD000000TOD,D,200917,000000,75.23,75.4425,74.9175,75.19,672973000
USD000000TOD,D,200918,000000,75,75.68,74.915,75.4825,779486000
USD000000TOD,D,200921,000000,75.5,76.5475,75.5,76.41,824143000
USD000000TOD,D,200922,000000,76.38,76.47,75.715,76.2,960275000
USD000000TOD,D,200923,000000,76.24,77.1,76.16,76.8125,786589000
USD000000TOD,D,200924,000000,77.22,77.4875,76.9,77.36,956152000
USD000000TOD,D,200925,000000,76.6625,78.48,76.625,78.345,1325676000
USD000000TOD,D,200928,000000,78.08,79.19,78,79.075,964149000
USD000000TOD,D,200929,000000,79.2,79.965,78.4575,79.1925,987209000
USD000000TOD,D,200930,000000,79.3225,79.3825,77.6625,77.8,807033000
USD000000TOD,D,201001,000000,77.3,77.8,77.01,77.4325,615250000
USD000000TOD,D,201002,000000,77.8,78.795,77.685,78.45,912255000
USD000000TOD,D,201005,000000,78,78.875,77.8175,78.29,738181000
USD000000TOD,D,201006,000000,78.19,78.665,77.61,78.05,635480000
USD000000TOD,D,201007,000000,78.185,78.475,77.94,78.1875,557040000
USD000000TOD,D,201008,000000,77.8025,78.1,77.31,77.565,864083000
USD000000TOD,D,201009,000000,77.1,77.3275,76.6825,76.7075,825046000
USD000000TOD,D,201013,000000,77.205,77.425,76.855,77.1975,674761000
USD000000TOD,D,201014,000000,77.15,77.62,77.0875,77.3975,573964000
USD000000TOD,D,201015,000000,77.85,78.2925,77.6525,78.275,829640000
USD000000TOD,D,201016,000000,78.1475,78.3425,77.835,77.94,616779000
USD000000TOD,D,201019,000000,78.005,78.0675,77.5,77.525,674089000
USD000000TOD,D,201020,000000,77.705,78.065,77.4825,77.4925,629334000
USD000000TOD,D,201021,000000,77.2575,77.305,76.58,76.585,908169000
USD000000TOD,D,201022,000000,76.75,77.2325,76.425,76.645,836282000
USD000000TOD,D,201023,000000,76.76,76.9375,76.095,76.23,851952000
USD000000TOD,D,201026,000000,76.5525,76.7,76.005,76.1175,694622000
USD000000TOD,D,201027,000000,76.35,77.1775,76.235,77.12,722777000
USD000000TOD,D,201028,000000,77.4675,78.91,77.2975,78.65,1064342000
USD000000TOD,D,201029,000000,78.9225,79.6175,78.58,78.63,920866000
USD000000TOD,D,201030,000000,79.07,79.5125,78.7475,79.255,743559000
USD000000TOD,D,201102,000000,79.5025,81.175,79.5025,80.4675,873643000
USD000000TOD,D,201103,000000,80.2425,80.38,79.135,79.4,741655000
USD000000TOD,D,201105,000000,78.315,78.8025,77.2875,77.3525,977602000
USD000000TOD,D,201106,000000,77.4025,77.9,76.95,77.695,865038000
USD000000TOD,D,201109,000000,77.26,77.4725,75.85,76.025,1222547000
USD000000TOD,D,201110,000000,76.5775,76.855,76.1125,76.7225,1028833000
USD000000TOD,D,201112,000000,76.4975,77.54,76.4975,77.235,1110525000
USD000000TOD,D,201113,000000,77.48,77.6875,77.125,77.5675,673007000
USD000000TOD,D,201116,000000,77.1025,77.1325,76.33,76.6225,748687000
USD000000TOD,D,201117,000000,76.4625,76.675,76.1,76.425,715946000
USD000000TOD,D,201118,000000,76.25,76.4025,75.515,76.02,1062502000
USD000000TOD,D,201119,000000,76.1225,76.6,76.08,76.42,801519000
USD000000TOD,D,201120,000000,76.1125,76.2175,75.8025,76.0875,783382000
USD000000TOD,D,201123,000000,76.1175,76.145,75.5675,75.89,718672000
USD000000TOD,D,201124,000000,75.8475,76.16,75.66,75.99,784578000
USD000000TOD,D,201125,000000,75.51,75.8725,75.31,75.755,965805000
USD000000TOD,D,201127,000000,75.6525,76.2925,75.57,76.0025,743235000
USD000000TOD,D,201130,000000,76.335,76.3575,75.7875,76.1525,726156000
USD000000TOD,D,201201,000000,76.1525,76.435,75.71,75.725,729997000
USD000000TOD,D,201202,000000,75.85,75.94,75.375,75.41,699390000
USD000000TOD,D,201203,000000,75.215,75.4,74.5425,74.5425,741307000
USD000000TOD,D,201204,000000,74.455,74.455,73.8275,73.8825,785671000
USD000000TOD,D,201207,000000,74.205,74.5075,73.46,73.525,849518000
USD000000TOD,D,201208,000000,73.6775,73.88,73.04,73.14,738756000
USD000000TOD,D,201209,000000,73.24,73.82,73.16,73.59,630059000
USD000000TOD,D,201210,000000,73.86,73.9075,73.105,73.3225,708952000
USD000000TOD,D,201211,000000,73.105,73.3975,72.8425,73.12,825077000
USD000000TOD,D,201214,000000,72.99,73.1075,72.785,73.05,748390000
USD000000TOD,D,201215,000000,74.0475,74.64,73.295,73.505,751051000
USD000000TOD,D,201216,000000,73.5,73.58,73.2425,73.5575,690618000
USD000000TOD,D,201217,000000,73.15,73.2225,72.65,73,764270000
USD000000TOD,D,201218,000000,73.3,73.8675,72.875,73.5425,962506000
USD000000TOD,D,201221,000000,73.8675,75.455,73.8675,74.9625,1228963000
USD000000TOD,D,201222,000000,75.1875,75.5925,74.9875,75.4825,1087210000
USD000000TOD,D,201223,000000,75.96,77.8975,74.85,74.95,947339000
USD000000TOD,D,201224,000000,75.0025,75.15,74.0375,74.105,1084942000
USD000000TOD,D,201228,000000,74.0075,74.1,73.52,73.705,1175717000
USD000000TOD,D,201229,000000,73.7275,73.835,73.36,73.665,1631369000
USD000000TOD,D,201230,000000,73.4925,74.86,73.49,74.7675,2014701000
USD000000TOD,D,210111,000000,74.41,74.9875,74.2525,74.925,985693000
USD000000TOD,D,210112,000000,74.3525,74.395,73.9,73.9625,798771000
USD000000TOD,D,210113,000000,73.5075,73.975,73.335,73.735,867364000
USD000000TOD,D,210114,000000,73.77,74,73.215,73.4075,726462000
USD000000TOD,D,210115,000000,73.4825,73.6825,73.2275,73.565,939289000
USD000000TOD,D,210119,000000,74.05,74.055,73.5875,73.815,623315000
USD000000TOD,D,210120,000000,73.81,73.81,73.2025,73.4775,634423000
USD000000TOD,D,210121,000000,73.2325,74,73.15,73.75,748262000
USD000000TOD,D,210122,000000,74.0725,75.0325,74.07,74.7275,948332000
USD000000TOD,D,210125,000000,75.35,75.7625,74.525,75.52,923308000
USD000000TOD,D,210126,000000,75.59,75.7825,74.93,75.0175,839627000
USD000000TOD,D,210127,000000,74.93,75.96,74.845,75.95,732185000
USD000000TOD,D,210128,000000,76.0825,76.4975,75.63,76.0275,867712000
USD000000TOD,D,210129,000000,76.1525,76.3275,75.21,75.4275,693240000
USD000000TOD,D,210201,000000,75.6625,76.0525,75.3425,76.0425,740657000
USD000000TOD,D,210202,000000,75.935,76.1,75.3025,75.595,559322000
USD000000TOD,D,210203,000000,75.95,76.345,75.7625,75.9425,583419000
USD000000TOD,D,210204,000000,75.9525,76.055,75.2975,75.6475,777318000
USD000000TOD,D,210205,000000,75.45,75.47,74.49,74.54,582395000
USD000000TOD,D,210208,000000,74.4725,74.59,74.14,74.2975,535946000
USD000000TOD,D,210209,000000,73.9,74.25,73.8675,74.095,614951000
USD000000TOD,D,210210,000000,73.8425,74.01,73.61,73.695,538435000
USD000000TOD,D,210211,000000,73.94,73.94,73.52,73.5675,480852000
USD000000TOD,D,210212,000000,73.82,74.4425,73.76,74.13,643875000
USD000000TOD,D,210216,000000,73.38,73.9,73.1375,73.76,663136000
USD000000TOD,D,210217,000000,73.76,74.18,73.54,74.0675,726999000
USD000000TOD,D,210218,000000,73.8225,73.885,73.5075,73.7675,709719000
USD000000TOD,D,210219,000000,73.89,74.115,73.76,73.91,781163000
USD000000TOD,D,210224,000000,73.98,74.015,73.3975,73.7575,769581000
USD000000TOD,D,210225,000000,73.5,74.0625,73.33,73.8075,923810000
USD000000TOD,D,210226,000000,73.8075,75.435,73.8075,74.5575,997881000
USD000000TOD,D,210301,000000,74.38,74.96,73.935,74.1075,719715000
USD000000TOD,D,210302,000000,74.36,74.7225,73.5825,73.88,897289000
USD000000TOD,D,210303,000000,73.8475,74.0575,73.39,74,575390000
USD000000TOD,D,210304,000000,73.98,74.05,73.51,73.575,679576000
USD000000TOD,D,210305,000000,74.41,74.82,74.0875,74.31,767801000
USD000000TOD,D,210309,000000,74.45,74.5275,73.7725,73.9525,685057000
USD000000TOD,D,210310,000000,74,74.1275,73.59,73.695,668941000
USD000000TOD,D,210311,000000,73.55,73.86,73.3775,73.665,826651000
USD000000TOD,D,210312,000000,73.3175,73.7125,73.27,73.36,807949000
USD000000TOD,D,210315,000000,73.32,73.475,72.94,73.2025,745062000
USD000000TOD,D,210316,000000,72.8,73.0975,72.525,72.7675,800783000
USD000000TOD,D,210317,000000,72.9875,73.9975,72.79,73.88,818128000
USD000000TOD,D,210318,000000,73.5975,74.1775,73.4125,74.0375,661488000
USD000000TOD,D,210319,000000,74.5,74.5,73.7125,74.07,803767000
USD000000TOD,D,210322,000000,74.205,74.8175,74.175,74.72,632947000
USD000000TOD,D,210323,000000,75.05,76.315,74.8025,76.2425,943145000
USD000000TOD,D,210324,000000,76.5,77.005,75.6875,76.395,1161480000
USD000000TOD,D,210325,000000,76.4025,76.6,75.73,76.4575,884428000
USD000000TOD,D,210326,000000,76.0025,76.1725,75.57,75.84,564596000
USD000000TOD,D,210329,000000,75.59,76.1025,75.59,75.77,613912000
USD000000TOD,D,210330,000000,75.64,76.1725,75.375,76.02,839341000
USD000000TOD,D,210331,000000,75.9,76.04,75.21,75.39,1444896000
USD000000TOD,D,210401,000000,75.69,76.365,75.5525,76.325,733703000
USD000000TOD,D,210402,000000,75.96,76.45,75.895,76.425,381884000
USD000000TOD,D,210405,000000,76.3425,76.735,75.9875,76.1725,438523000
USD000000TOD,D,210406,000000,76.45,77.3275,76.1675,77.215,789468000
USD000000TOD,D,210407,000000,77.0325,78.03,77.005,77.0625,976242000
USD000000TOD,D,210408,000000,77.0075,77.3775,76.73,76.7525,813487000
USD000000TOD,D,210409,000000,77.27,78,76.82,77.275,666411000
USD000000TOD,D,210412,000000,77.4025,77.755,77.06,77.4575,708100000
USD000000TOD,D,210413,000000,77.2975,77.5575,76.9225,77.0325,669631000
USD000000TOD,D,210414,000000,76.0875,76.3325,75.45,75.595,656565000
USD000000TOD,D,210415,000000,75.705,77.5325,75.705,76.2475,1457262000
USD000000TOD,D,210416,000000,76.69,76.69,75.3,75.72,934588000
USD000000TOD,D,210419,000000,76.35,76.425,75.91,76.285,683519000
USD000000TOD,D,210420,000000,76.35,77.0575,75.9225,76.81,696423000
USD000000TOD,D,210421,000000,77,77.1875,76.33,76.5925,750569000
USD000000TOD,D,210422,000000,76.7575,76.78,75.425,75.65,1000611000
USD000000TOD,D,210423,000000,75.5475,75.55,74.6375,74.88,958476000
USD000000TOD,D,210426,000000,74.88,75.4125,74.63,74.91,595956000
USD000000TOD,D,210427,000000,75.09,75.165,74.785,74.905,688844000
USD000000TOD,D,210428,000000,74.9725,75.01,74.53,74.6275,729729000
USD000000TOD,D,210429,000000,74.305,74.66,74.1825,74.6175,989485000
USD000000TOD,D,210430,000000,74.655,75.155,74.42,74.87,880869000
USD000000TOD,D,210504,000000,75.3,75.355,74.69,74.9475,501815000
USD000000TOD,D,210505,000000,74.8,74.99,74.515,74.7975,390262000
USD000000TOD,D,210506,000000,74.7975,74.89,74.32,74.34,498619000
USD000000TOD,D,210507,000000,74.34,74.34,73.6825,73.7675,548433000
USD000000TOD,D,210511,000000,74.3,74.41,73.8125,74.24,532455000
USD000000TOD,D,210512,000000,74.3475,74.5525,73.9225,74.4925,721394000
USD000000TOD,D,210513,000000,74.73,74.73,73.8025,73.93,622865000
USD000000TOD,D,210514,000000,74.11,74.11,73.6975,74.01,530480000
USD000000TOD,D,210517,000000,74.0125,74.105,73.7,73.97,436967000
USD000000TOD,D,210518,000000,73.8,73.89,73.5825,73.82,593564000
USD000000TOD,D,210519,000000,73.5,73.8875,73.475,73.7575,547499000
USD000000TOD,D,210520,000000,73.9525,74.09,73.4975,73.525,565283000
USD000000TOD,D,210521,000000,73.525,73.67,73.3275,73.4475,559906000
USD000000TOD,D,210524,000000,73.66,73.8525,73.42,73.46,708854000
USD000000TOD,D,210525,000000,73.5,73.5,73.1875,73.3675,576151000
USD000000TOD,D,210526,000000,73.5,73.705,73.26,73.4575,472528000
USD000000TOD,D,210527,000000,73.4575,73.59,73.315,73.3625,666198000
USD000000TOD,D,210528,000000,73.5,73.66,73.145,73.21,878040000
USD000000TOD,D,210601,000000,73.35,73.67,73.1,73.4375,470894000
USD000000TOD,D,210602,000000,73.59,73.735,73.24,73.3225,715453000
USD000000TOD,D,210603,000000,73.12,73.31,73.0125,73.185,624289000
USD000000TOD,D,210604,000000,73.24,73.2975,72.8225,72.8625,641664000
USD000000TOD,D,210607,000000,72.95,73.0475,72.74,72.8375,550463000
USD000000TOD,D,210608,000000,72.8375,72.915,72.33,72.395,644125000
USD000000TOD,D,210609,000000,72.21,72.3975,71.9675,72.1125,684461000
USD000000TOD,D,210610,000000,72.305,72.305,71.69,71.785,797197000
USD000000TOD,D,210611,000000,71.75,71.9925,71.51,71.91,831241000
USD000000TOD,D,210615,000000,72.1775,72.3,71.725,72.2925,805128000
USD000000TOD,D,210616,000000,72.15,72.1975,71.8475,71.865,579581000
USD000000TOD,D,210617,000000,72.5625,72.85,72.085,72.15,726859000
USD000000TOD,D,210618,000000,72.315,72.515,72.055,72.45,742157000
USD000000TOD,D,210621,000000,72.6825,73.3325,72.6825,72.9475,692008000
USD000000TOD,D,210622,000000,73.2475,73.2875,73.0275,73.09,520822000
USD000000TOD,D,210623,000000,72.95,72.95,72.3425,72.6025,636467000
USD000000TOD,D,210624,000000,72.59,72.66,72.1375,72.2425,622137000
USD000000TOD,D,210625,000000,72.305,72.375,72.005,72.1625,669544000
USD000000TOD,D,210628,000000,72.22,72.295,72.0875,72.2075,702578000
USD000000TOD,D,210629,000000,72.3875,72.8,72.17,72.695,710175000
USD000000TOD,D,210630,000000,72.75,73.22,72.635,72.95,783423000
USD000000TOD,D,210701,000000,73.2475,73.2975,72.7975,73.25,520658000
USD000000TOD,D,210702,000000,73.39,73.7675,73.1,73.34,735044000
USD000000TOD,D,210706,000000,73.36,74.78,73.15,74.365,524444000
USD000000TOD,D,210707,000000,74.3025,74.9,73.9325,74.8175,831758000
USD000000TOD,D,210708,000000,74.745,75.3425,74.61,74.99,802876000
USD000000TOD,D,210709,000000,74.9925,74.9925,74.1425,74.2225,703448000
USD000000TOD,D,210712,000000,74.4375,74.7875,74.32,74.33,574477000
USD000000TOD,D,210713,000000,74.33,74.3975,73.8825,74.1425,647341000
USD000000TOD,D,210714,000000,74.305,74.38,73.9275,74.1325,578849000
USD000000TOD,D,210715,000000,74.145,74.275,74.055,74.18,560323000
USD000000TOD,D,210716,000000,74.2525,74.3625,73.99,74.135,509972000
USD000000TOD,D,210719,000000,74.22,74.77,74.15,74.6,645364000
USD000000TOD,D,210720,000000,74.7575,75.1,74.3575,74.57,721093000
USD000000TOD,D,210721,000000,74.42,74.56,74,74.01,556013000
USD000000TOD,D,210722,000000,74.1875,74.1875,73.5825,73.8575,640609000
USD000000TOD,D,210723,000000,73.69,73.8,73.48,73.6225,639025000
USD000000TOD,D,210726,000000,73.7725,74.31,73.645,73.6775,564750000
USD000000TOD,D,210727,000000,73.725,73.93,73.5725,73.68,606119000
USD000000TOD,D,210728,000000,73.6925,73.8075,73.3775,73.7425,713644000
USD000000TOD,D,210729,000000,73.575,73.575,73.055,73.2,607828000
USD000000TOD,D,210730,000000,73.1525,73.3975,72.68,72.95,757632000
USD000000TOD,D,210802,000000,73.2,73.24,72.665,72.9025,580828000
USD000000TOD,D,210803,000000,73,73.19,72.77,73.085,484447000
USD000000TOD,D,210804,000000,72.945,73.11,72.69,73.07,571344000
USD000000TOD,D,210805,000000,73.1275,73.275,73,73.1275,473546000
USD000000TOD,D,210806,000000,73.07,73.4275,72.9525,73.4,506262000
USD000000TOD,D,210809,000000,73.49,73.685,73.355,73.545,503510000
USD000000TOD,D,210810,000000,73.65,74.0375,73.49,73.9175,460555000
USD000000TOD,D,210811,000000,74,74.135,73.67,73.7875,611886000
USD000000TOD,D,210812,000000,73.465,73.67,73.335,73.585,450777000
USD000000TOD,D,210813,000000,73.6325,73.6325,73.17,73.23,543898000
USD000000TOD,D,210816,000000,73.31,73.4875,73.1575,73.335,642482000
USD000000TOD,D,210817,000000,73.4,73.55,73.31,73.51,558938000
USD000000TOD,D,210818,000000,73.58,73.77,73.31,73.755,511741000
USD000000TOD,D,210819,000000,73.82,74.29,73.82,74.2475,647210000
USD000000TOD,D,210820,000000,74.2,74.55,74.08,74.3875,641855000
USD000000TOD,D,210823,000000,74.135,74.185,73.92,74.12,498044000
USD000000TOD,D,210824,000000,73.8125,74.225,73.715,73.7375,610687000
USD000000TOD,D,210825,000000,73.8,74.05,73.6525,73.9925,611066000
USD000000TOD,D,210826,000000,74.1,74.4675,73.88,74.28,602691000
USD000000TOD,D,210827,000000,74.355,74.355,73.58,73.5925,646596000
USD000000TOD,D,210830,000000,73.3675,73.69,73.3675,73.54,695561000
USD000000TOD,D,210831,000000,73.535,73.535,73.19,73.205,836990000
USD000000TOD,D,210901,000000,73.2175,73.2875,72.9325,72.975,592494000
USD000000TOD,D,210902,000000,73.02,73.0475,72.69,72.75,665995000
USD000000TOD,D,210903,000000,72.9,72.995,72.5025,72.71,516187000
USD000000TOD,D,210907,000000,72.99,73.3775,72.885,73.2875,580385000
USD000000TOD,D,210908,000000,73.2875,73.5175,73.1875,73.435,526643000
USD000000TOD,D,210909,000000,73.2675,73.29,72.82,72.9175,682256000
USD000000TOD,D,210910,000000,72.8275,72.96,72.65,72.96,607790000
USD000000TOD,D,210913,000000,73.13,73.21,72.735,72.775,602436000
USD000000TOD,D,210914,000000,72.6975,72.97,72.515,72.8675,793366000
USD000000TOD,D,210915,000000,72.865,73.0975,72.4725,72.5375,693612000
USD000000TOD,D,210916,000000,72.3,72.5925,72.265,72.47,704249000
USD000000TOD,D,210917,000000,72.5025,72.725,72.43,72.725,672000000
USD000000TOD,D,210920,000000,72.8525,73.58,72.8525,73.46,702231000
USD000000TOD,D,210921,000000,73.46,73.46,73.09,73.2175,474458000
USD000000TOD,D,210922,000000,72.905,73.025,72.655,72.7325,494532000
USD000000TOD,D,210923,000000,72.9725,73.05,72.5525,72.7675,734262000
USD000000TOD,D,210924,000000,72.7,73.05,72.665,72.84,712717000
USD000000TOD,D,210927,000000,72.605,72.7175,72.5,72.5325,660334000
USD000000TOD,D,210928,000000,72.535,72.8425,72.3875,72.7525,729999000
USD000000TOD,D,210929,000000,72.7525,72.91,72.6075,72.82,648613000
USD000000TOD,D,210930,000000,72.7975,72.945,72.57,72.72,663683000
USD000000TOD,D,211001,000000,72.7925,73.205,72.725,72.81,684306000
USD000000TOD,D,211004,000000,72.6025,72.99,72.3925,72.5175,470482000
USD000000TOD,D,211005,000000,72.5375,72.67,72.4175,72.475,465041000
USD000000TOD,D,211006,000000,72.3875,72.7175,72.3275,72.4475,636364000
USD000000TOD,D,211007,000000,72.3775,72.46,71.68,71.7825,658374000
USD000000TOD,D,211008,000000,71.7825,72.01,71.6225,71.665,790655000
USD000000TOD,D,211012,000000,71.865,71.985,71.7425,71.925,641985000
USD000000TOD,D,211013,000000,71.7925,71.9575,71.74,71.925,575811000
USD000000TOD,D,211014,000000,71.97,71.97,71.315,71.475,631613000
USD000000TOD,D,211015,000000,71.3025,71.41,71.01,71.03,626818000
USD000000TOD,D,211018,000000,70.865,71.365,70.865,71.275,561701000
USD000000TOD,D,211019,000000,71.1025,71.13,70.8025,70.95,588397000
USD000000TOD,D,211020,000000,70.8825,71.135,70.8325,70.86,563444000
USD000000TOD,D,211021,000000,70.86,71.29,70.8,71.07,704615000
USD000000TOD,D,211022,000000,71.0775,71.1225,69.78,70.32,862931000
USD000000TOD,D,211025,000000,70.2825,70.5,69.7725,69.9675,1243878000
USD000000TOD,D,211026,000000,69.755,69.7675,69.2,69.59,1014647000
USD000000TOD,D,211027,000000,69.44,70.625,69.41,70.5675,923470000
USD000000TOD,D,211028,000000,70.74,70.7675,70.05,70.15,898799000
USD000000TOD,D,211029,000000,70.2175,70.86,70.15,70.795,830926000
USD000000TOD,D,211101,000000,71.495,71.4975,70.715,71.32,834206000
USD000000TOD,D,211102,000000,71.535,72,71.365,71.69,793690000
USD000000TOD,D,211103,000000,71.6375,72.1625,71.2625,71.9975,870367000
USD000000TOD,D,211108,000000,71.255,71.51,71.1125,71.325,830236000
USD000000TOD,D,211109,000000,71.325,71.35,70.64,70.65,703277000
USD000000TOD,D,211110,000000,70.85,70.9825,70.48,70.605,889373000
USD000000TOD,D,211112,000000,71.46,72.4725,71.46,72.435,1249523000
USD000000TOD,D,211115,000000,72.61,73,71.9925,72.52,827895000
USD000000TOD,D,211116,000000,72.4325,73.49,72.31,73.375,1229583000
USD000000TOD,D,211117,000000,73.2175,73.475,72.31,72.4975,1046845000
USD000000TOD,D,211118,000000,72.635,73.36,72.435,73.0625,726621000
USD000000TOD,D,211119,000000,73.0625,73.63,72.6525,73.3175,1092354000
USD000000TOD,D,211122,000000,73.4475,74.975,73.13,74.8975,1279369000
USD000000TOD,D,211123,000000,74.82,75.27,74.6,74.79,967114000
USD000000TOD,D,211124,000000,74.27,74.9675,74.0775,74.89,1057462000
USD000000TOD,D,211126,000000,74.9275,75.8775,74.8975,75.43,1197464000
USD000000TOD,D,211129,000000,74.8,75.2125,74.24,74.25,1054472000
USD000000TOD,D,211130,000000,74.69,75.1025,74.225,74.33,1117230000
USD000000TOD,D,211201,000000,74.25,74.25,73.7025,73.9,721270000
USD000000TOD,D,211202,000000,74.59,74.59,73.51,73.63,794208000
USD000000TOD,D,211203,000000,73.7675,73.86,73.2675,73.63,647066000
USD000000TOD,D,211206,000000,73.7325,73.95,73.4925,73.8725,745818000
USD000000TOD,D,211207,000000,74.53,74.61,73.97,74.42,896802000
USD000000TOD,D,211208,000000,73.945,74.04,73.5425,73.6975,731319000
USD000000TOD,D,211209,000000,73.6775,73.7125,73.46,73.545,565137000
USD000000TOD,D,211210,000000,73.675,73.7425,73.22,73.455,860459000
USD000000TOD,D,211213,000000,73.4,73.525,73.22,73.52,558604000
USD000000TOD,D,211214,000000,73.56,73.62,73.39,73.47,552279000
USD000000TOD,D,211215,000000,73.82,73.94,73.6525,73.8325,585308000
USD000000TOD,D,211216,000000,73.6725,73.7875,73.3375,73.575,734395000
USD000000TOD,D,211217,000000,73.7975,74.0225,73.5175,74.015,793688000
USD000000TOD,D,211220,000000,74.295,74.495,74.0425,74.16,771025000
USD000000TOD,D,211221,000000,74.08,74.12,73.7025,73.9825,745635000
USD000000TOD,D,211222,000000,73.9825,74.16,73.58,73.74,815783000
USD000000TOD,D,211223,000000,73.57,73.635,73.1725,73.455,882454000
USD000000TOD,D,211224,000000,73.33,73.69,73.0825,73.62,567157000
USD000000TOD,D,211227,000000,73.655,73.655,73.0525,73.605,741561000
USD000000TOD,D,211228,000000,73.43,73.85,73.315,73.84,1011216000
USD000000TOD,D,211229,000000,73.7,74.0675,73.525,73.9725,983620000
USD000000TOD,D,211230,000000,73.9725,74.99,73.78,74.515,1323435000
USD000000TOD,D,220110,000000,75.55,75.55,74.8325,75.13,813582000
USD000000TOD,D,220111,000000,74.93,74.985,74.6925,74.94,781177000
USD000000TOD,D,220112,000000,74.4875,74.725,74.2975,74.565,738622000
USD000000TOD,D,220113,000000,74.6925,75.78,74.45,75.78,1267288000
USD000000TOD,D,220114,000000,76.2775,76.915,75.525,76.1125,1439506000
USD000000TOD,D,220118,000000,76.025,76.7325,75.9875,76.6,966234000
USD000000TOD,D,220119,000000,77.0375,77.14,75.8,76.3575,1045769000
USD000000TOD,D,220120,000000,76.175,76.7725,75.9825,76.5325,735607000
USD000000TOD,D,220121,000000,76.8,76.9525,76.2125,76.89,714176000
USD000000TOD,D,220124,000000,77.2225,79.455,76.96,79.04,1327318000
USD000000TOD,D,220125,000000,78.755,79.19,78.24,79.0575,975337000
USD000000TOD,D,220126,000000,78.6525,79.305,78.505,79.205,727364000
USD000000TOD,D,220127,000000,79.485,79.7175,77.3725,77.73,1371543000
USD000000TOD,D,220128,000000,77.8225,78.205,77.33,77.7475,1033598000
USD000000TOD,D,220131,000000,77.7525,77.84,77.23,77.5075,798621000
USD000000TOD,D,220201,000000,77.2875,77.3175,76.435,76.56,677273000
USD000000TOD,D,220202,000000,76.7,76.7775,75.665,76.265,872441000
USD000000TOD,D,220203,000000,76.2075,76.8125,76.11,76.1925,612612000
USD000000TOD,D,220204,000000,76.32,76.35,75.61,76.1625,922357000
USD000000TOD,D,220207,000000,75.945,76.05,75.375,75.51,530840000
USD000000TOD,D,220208,000000,75.525,75.55,74.97,75.28,682952000
USD000000TOD,D,220209,000000,75.05,75.06,74.6275,74.78,531694000
USD000000TOD,D,220210,000000,74.8,74.855,74.2375,74.5875,781496000
USD000000TOD,D,220211,000000,75.0675,75.91,74.76,75.7925,925162000
USD000000TOD,D,220214,000000,77.35,78.2,75.92,76.64,1512180000
USD000000TOD,D,220215,000000,76.47,76.78,75.0925,75.7975,1310558000
USD000000TOD,D,220216,000000,75.32,75.375,74.815,75.2075,733060000
USD000000TOD,D,220217,000000,75.51,76.68,75.0825,76.1625,863161000
USD000000TOD,D,220218,000000,76.06,76.86,75.55,76.71,944698000
USD000000TOD,D,220222,000000,80.0025,80.9275,78.6075,79.2775,1974489000
USD000000TOD,D,220224,000000,83.88,88.98,82.565,85.5025,1891395000
USD000000TOD,D,220225,000000,85.25,87.875,81.57,82.7,1597920000
USD000000TOD,D,220228,000000,89.8975,109.0825,89.8975,96.35,647695000
USD000000TOD,D,220301,000000,98.945,101.0025,88.9975,99.725,901526000
USD000000TOD,D,220302,000000,104,110.0575,95.9975,106.3,2165604000
USD000000TOD,D,220303,000000,106,118.3625,100,111.9975,1654971000
USD000000TOD,D,220304,000000,112,118,101.205,111,1717476000
USD000000TOD,D,220309,000000,112.8825,120.8775,112.8825,120.75,680064000
USD000000TOD,D,220310,000000,122,126,116,117.9,982379000
USD000000TOD,D,220311,000000,119.87,119.87,113.6525,117.4475,1023218000
USD000000TOD,D,220314,000000,116.75,117,110.005,113.8,733363000
USD000000TOD,D,220315,000000,114.1025,114.3,110,110.1,630679000
USD000000TOD,D,220316,000000,110.1,110.1,107.155,108.55,670864000
USD000000TOD,D,220317,000000,107,107.98,103.7,104.7675,861530000
USD000000TOD,D,220318,000000,104.98,110,101.0125,104.25,650576000
USD000000TOD,D,220321,000000,105,105.8625,103.9025,104.155,588867000
USD000000TOD,D,220322,000000,103,105,103,103.89,596904000
USD000000TOD,D,220323,000000,103.89,105.45,98.305,99.155,750366000
USD000000TOD,D,220324,000000,97.5,98.8,93.555,97.0025,661404000
USD000000TOD,D,220325,000000,97,97.7,92,95.825,972145000
USD000000TOD,D,220328,000000,95.825,97,89.7875,90.62,787898000
USD000000TOD,D,220329,000000,89.5,90.0025,82.62,86.01,877510000
USD000000TOD,D,220330,000000,83.71,86.49,82.97,84.25,769923000
USD000000TOD,D,220331,000000,82.905,84.3,82.905,83.55,852253000
USD000000TOD,D,220401,000000,83.4825,83.6,82.9925,83.32,792962000
USD000000TOD,D,220404,000000,84.5,84.7975,82.935,83.305,549553000
USD000000TOD,D,220405,000000,83.305,83.84,82.67,83.49,683958000
USD000000TOD,D,220406,000000,83.45,83.7,80.015,80.4725,785055000
USD000000TOD,D,220407,000000,80.01,80.01,74.1475,75.415,869989000
USD000000TOD,D,220408,000000,75.5,76.3475,70.72,75.2075,1501975000
USD000000TOD,D,220411,000000,81.95,81.97,77.325,78.95,995989000
USD000000TOD,D,220412,000000,79.9,80.2475,78.5075,79.77,793039000
USD000000TOD,D,220413,000000,79.8,80.265,79.265,79.7425,573479000
USD000000TOD,D,220414,000000,79.64,82.835,79.64,80.0425,1095653000
USD000000TOD,D,220415,000000,81.22,81.39,79.0625,79.5,815431000
USD000000TOD,D,220418,000000,81,81,78.69,79.0025,786957000
USD000000TOD,D,220419,000000,79.7,79.7425,77.9625,78.3,880750000
USD000000TOD,D,220420,000000,78.57,78.78,74.025,76.6775,1129157000
USD000000TOD,D,220421,000000,76.6975,77.3,73.26,73.5,1271915000
USD000000TOD,D,220422,000000,75.9475,75.95,72.6025,74.55,1306946000
USD000000TOD,D,220425,000000,75,75.4,72.805,73.2,1117542000
USD000000TOD,D,220426,000000,73.2,73.3,72.035,73,1172507000
USD000000TOD,D,220427,000000,73.19,73.4625,72.485,72.75,1033577000
USD000000TOD,D,220428,000000,72.65,72.7125,71.95,72.15,1141119000
USD000000TOD,D,220429,000000,72.4975,72.4975,70.1475,70.3025,1182909000
USD000000TOD,D,220504,000000,70.3,70.9025,68.2,68.26,1002498000
USD000000TOD,D,220505,000000,66.21,66.8,65.9675,66.3175,1029664000
USD000000TOD,D,220506,000000,67,70.0725,65.7675,68.9275,1080513000
USD000000TOD,D,220511,000000,69.4,70.18,66.4675,67,1170311000
USD000000TOD,D,220512,000000,66.2125,67.5,63.345,63.65,1217224000
USD000000TOD,D,220513,000000,63.9,65.4125,62.5,64.0575,1042718000
USD000000TOD,D,220516,000000,64.875,64.875,62.685,63.88,1069634000
USD000000TOD,D,220517,000000,63.685,64.01,63.085,63.62,1088096000
USD000000TOD,D,220518,000000,63.6,64.005,62.95,63.2875,1098243000
USD000000TOD,D,220519,000000,63.845,63.845,61.65,61.73,969131000
USD000000TOD,D,220520,000000,62,62,57.01,60.12,1509842000
USD000000TOD,D,220523,000000,61.515,61.515,57.19,57.5075,1254979000
USD000000TOD,D,220524,000000,58.285,58.285,56.18,56.475,1096764000
USD000000TOD,D,220525,000000,57.495,60.7425,55.8,58.485,1435262000
USD000000TOD,D,220526,000000,59.39,65.8275,59.39,64,1407760000
USD000000TOD,D,220527,000000,66.1125,67.3975,64.79,66.73,2022860000
USD000000TOD,D,220531,000000,62.3,63.44,60.45,62.01,1284986000
USD000000TOD,D,220601,000000,61.69,62.295,61.02,61.1,993845000
USD000000TOD,D,220602,000000,60.9,61.9175,60.8625,61.6375,1188760000
USD000000TOD,D,220603,000000,61.6,62.53,60.98,61.2,1077867000
USD000000TOD,D,220606,000000,60.9,61.99,60.44,61.18,1310966000
USD000000TOD,D,220607,000000,61.3775,61.4875,60.3525,60.995,883424000
USD000000TOD,D,220608,000000,60.99,61.425,58.9875,59.4125,994381000
USD000000TOD,D,220609,000000,59.5275,59.9475,57.375,59.2475,1133786000
USD000000TOD,D,220610,000000,59.6,59.7475,56.115,56.995,1490212000
USD000000TOD,D,220614,000000,57,58.305,55.625,56.58,1658416000
USD000000TOD,D,220615,000000,56.9,57.1675,56.3,56.9725,1373798000
USD000000TOD,D,220616,000000,57,57.25,56.4075,56.615,1094384000
USD000000TOD,D,220617,000000,56.8,57,56.1025,56.14,1245338000
USD000000TOD,D,220621,000000,55.9,55.9,54.1975,54.43,1190396000
USD000000TOD,D,220622,000000,53.51,53.9975,52.785,53.18,1023923000
USD000000TOD,D,220623,000000,53.5,53.9225,52.87,53.17,1490604000
USD000000TOD,D,220624,000000,53.6,53.715,53.03,53.24,1182842000
USD000000TOD,D,220627,000000,53.64,54.48,53.025,53.2575,1319682000
USD000000TOD,D,220628,000000,53.6975,53.6975,52.03,52.06,1282471000
USD000000TOD,D,220629,000000,52,52.735,49.975,52.005,1743965000
USD000000TOD,D,220630,000000,53.1525,53.535,51.2075,52.03,1481195000
USD000000TOD,D,220701,000000,52.4875,55.8325,51.0875,53.7175,1750161000
USD000000TOD,D,220705,000000,55.85,62.25,55.285,61.2725,1631599000
USD000000TOD,D,220706,000000,61.9,64.7525,61.15,63.285,1438996000
USD000000TOD,D,220707,000000,63.89,64.4625,61.5725,62.33,1521573000
USD000000TOD,D,220708,000000,61.5525,62.0525,60.6075,61.185,1184091000
USD000000TOD,D,220711,000000,61.495,61.94,58.8,59.27,1169508000
USD000000TOD,D,220712,000000,59,59.5475,57.155,58.7325,1320312000
USD000000TOD,D,220713,000000,58.855,59.19,57.87,58.41,1167851000
USD000000TOD,D,220714,000000,58.2175,58.645,57.7,58.37,1031264000
USD000000TOD,D,220715,000000,58.05,59,56.5,57.315,1180235000
USD000000TOD,D,220718,000000,57.2,57.2,56.2,56.4775,1007252000
USD000000TOD,D,220719,000000,56.4,56.425,54.8375,55.5375,897940000
USD000000TOD,D,220720,000000,55.5,55.5,54.56,54.93,1336306000
USD000000TOD,D,220721,000000,55,58.87,54.695,56.54,1510696000
USD000000TOD,D,220722,000000,56.9,58.6,56.4,57.25,1225723000
USD000000TOD,D,220725,000000,57.5,58.2525,57.01,58.0725,1229914000
USD000000TOD,D,220726,000000,58.2,59.7475,58.01,59.395,1401439000
USD000000TOD,D,220727,000000,60.71,61.11,59.06,59.915,1274177000
USD000000TOD,D,220728,000000,59.75,61.24,59.2175,60.835,1425311000
USD000000TOD,D,220729,000000,61.07,62.245,60.485,61.8075,1398227000
USD000000TOD,D,220801,000000,61.425,62.6325,59.2825,60.3975,1074984000
USD000000TOD,D,220802,000000,60.2,60.4825,59.42,60.2625,881408000
USD000000TOD,D,220803,000000,60.05,60.85,59.85,60.435,856191000
USD000000TOD,D,220804,000000,60.9,61.0075,60.01,60.35,772279000
USD000000TOD,D,220805,000000,60.335,60.61,60.0475,60.4925,743944000
USD000000TOD,D,220808,000000,60.73,61.1625,59.9075,60.45,827087000
USD000000TOD,D,220809,000000,60.95,60.95,60.015,60.2875,1115496000
USD000000TOD,D,220810,000000,60.27,60.55,60.11,60.48,804857000
USD000000TOD,D,220811,000000,60.7275,60.735,60.5225,60.68,699094000
USD000000TOD,D,220812,000000,60.45,61.0225,60.1825,60.7,1044985000
USD000000TOD,D,220815,000000,60.7375,61.665,60.46,61.345,773507000
USD000000TOD,D,220816,000000,61.47,61.6925,61.1975,61.4175,781989000
USD000000TOD,D,220817,000000,60.9,61.1975,60.06,60.1825,668703000
USD000000TOD,D,220818,000000,60.9,60.9,58.8975,59.3525,745167000
USD000000TOD,D,220819,000000,59.88,59.88,58.2,58.9125,866742000
USD000000TOD,D,220822,000000,58.9125,60.1525,58.9025,59.5525,966148000
USD000000TOD,D,220823,000000,60.0975,60.4,59.61,59.745,792328000
USD000000TOD,D,220824,000000,60.3825,60.3825,59.715,59.9775,726536000
USD000000TOD,D,220825,000000,60.25,60.2525,59.54,60.0125,755205000
USD000000TOD,D,220826,000000,60.1,60.345,59.735,60.065,597699000
USD000000TOD,D,220829,000000,60.445,60.68,60.07,60.23,889035000
USD000000TOD,D,220830,000000,60.305,60.5725,60.2,60.2,632606000
USD000000TOD,D,220831,000000,60,60.6375,59.605,60.2525,936614000
USD000000TOD,D,220901,000000,60.15,60.45,59.9075,60.18,689478000
USD000000TOD,D,220902,000000,60.2975,60.4475,60.17,60.4,681353000
USD000000TOD,D,220906,000000,61,61.0525,60.6125,60.9825,705182000
USD000000TOD,D,220907,000000,61.05,61.55,60.85,60.89,806870000
USD000000TOD,D,220908,000000,61.0575,61.2,60.5,60.6575,653251000
USD000000TOD,D,220909,000000,61.0725,61.0725,60.25,60.5225,687410000
USD000000TOD,D,220912,000000,61,61.0325,60.075,60.2275,827076000
USD000000TOD,D,220913,000000,60.2825,60.5425,59.6475,59.905,730755000
USD000000TOD,D,220914,000000,61,61,59.5475,59.68,962583000
USD000000TOD,D,220915,000000,60,60.18,59.4475,60.0625,858178000
USD000000TOD,D,220916,000000,59.9475,60.275,59.8,60.1325,856087000
USD000000TOD,D,220919,000000,60,60.9,59.9475,60.25,989514000
USD000000TOD,D,220920,000000,60.41,60.44,59.9,60.37,855174000
USD000000TOD,D,220921,000000,61,62.7675,60.265,60.42,986747000
USD000000TOD,D,220922,000000,60.8,61.2375,58.5,58.7475,1152729000
USD000000TOD,D,220923,000000,59.0925,60,56.64,57.2475,1378376000
USD000000TOD,D,220926,000000,58.47,58.98,57.475,57.97,1124248000
USD000000TOD,D,220927,000000,58.6,59.17,57.8825,58.395,926536000
USD000000TOD,D,220928,000000,58.505,58.93,57.97,57.9725,1424180000
USD000000TOD,D,220929,000000,57.5775,58.205,56.55,57.2975,1491407000
USD000000TOD,D,220930,000000,56.9325,59,53.64,58.8625,1836444000
USD000000TOD,D,221003,000000,58.265,59.7025,56.85,59.0125,1339396000
USD000000TOD,D,221004,000000,59.1275,59.85,58.4075,59.1525,970332000
USD000000TOD,D,221005,000000,59,60.45,57.4,60.05,767941000
USD000000TOD,D,221006,000000,60.495,60.96,59.7,60.86,947005000
USD000000TOD,D,221007,000000,60.9,61.92,60.305,61.405,1100272000
USD000000TOD,D,221011,000000,63.72,65.2625,62.6525,64.73,1281869000
USD000000TOD,D,221012,000000,64.025,65.0975,63.5175,63.7,1340444000
USD000000TOD,D,221013,000000,64.055,64.435,62.745,63.6,1365476000
USD000000TOD,D,221014,000000,63.4975,63.805,62.16,62.16,1623871000
USD000000TOD,D,221017,000000,62.26,62.75,61.3775,61.95,1017429000
USD000000TOD,D,221018,000000,61.9,62.4125,61.45,61.525,800587000
USD000000TOD,D,221019,000000,61.6225,62.1275,61.35,61.7425,1108971000
USD000000TOD,D,221020,000000,61.6275,62.0675,61.15,61.3975,853026000
USD000000TOD,D,221021,000000,61.4225,61.745,60.6925,61.115,825810000
USD000000TOD,D,221024,000000,61.4,61.6,60.91,61.2,715982000
USD000000TOD,D,221025,000000,61.3925,61.55,61.16,61.335,933572000
USD000000TOD,D,221026,000000,61.595,62,61.26,61.3625,676233000
USD000000TOD,D,221027,000000,61.68,61.8525,61.1475,61.4475,779796000
USD000000TOD,D,221028,000000,61.675,61.81,61.36,61.6975,863727000
USD000000TOD,D,221031,000000,61.6025,61.9075,61.3,61.3975,827062000
USD000000TOD,D,221101,000000,61.6,61.84,61.2,61.45,586900000
USD000000TOD,D,221102,000000,61.345,61.7725,61.345,61.6475,745937000
USD000000TOD,D,221103,000000,61.73,62.9325,61.73,61.8075,795234000
USD000000TOD,D,221107,000000,62.2925,62.2925,60.8625,61.1,1171567000
USD000000TOD,D,221108,000000,61.1175,61.475,60.6775,60.9475,688673000
USD000000TOD,D,221109,000000,61.0525,61.395,60.835,61.395,571675000
USD000000TOD,D,221110,000000,61.405,61.8475,60.3275,61,726756000
USD000000TOD,D,221114,000000,60.8925,60.8925,60,60.5225,817099000
USD000000TOD,D,221115,000000,60.62,60.73,60.0925,60.175,762802000
USD000000TOD,D,221116,000000,60.6625,60.6675,60.02,60.1425,694682000
USD000000TOD,D,221117,000000,60.4575,60.55,60.305,60.46,704504000
USD000000TOD,D,221118,000000,60.5475,60.6775,60.24,60.5625,566177000
USD000000TOD,D,221121,000000,60.6,60.9875,60.385,60.7725,609808000
USD000000TOD,D,221122,000000,60.97,60.99,60.5175,60.58,637602000
USD000000TOD,D,221123,000000,60.68,60.7675,60.25,60.545,783418000
USD000000TOD,D,221125,000000,60.8,60.9925,60.3375,60.63,688027000
USD000000TOD,D,221128,000000,60.61,61.1975,60.505,61.1975,509273000
USD000000TOD,D,221129,000000,61.095,61.3675,60.775,60.79,720547000
USD000000TOD,D,221130,000000,61,61.13,60.71,60.89,608619000
USD000000TOD,D,221201,000000,60.7525,61.495,60.715,61.3275,559674000
USD000000TOD,D,221202,000000,61.5,62,61.37,61.8875,871470000
USD000000TOD,D,221205,000000,61.9625,62.49,61.5525,62.46,654332000
USD000000TOD,D,221206,000000,62.25,63.34,62.25,62.8375,621903000
USD000000TOD,D,221207,000000,63.0825,63.35,62.7,62.85,658210000
USD000000TOD,D,221208,000000,62.8725,63.05,62.2625,62.5925,550965000
USD000000TOD,D,221209,000000,62.835,62.85,62.18,62.4725,914656000
USD000000TOD,D,221212,000000,62.475,63.0425,62.4025,62.8925,694255000
USD000000TOD,D,221213,000000,62.7025,63.315,62.7025,62.995,758015000
USD000000TOD,D,221214,000000,63,63.8325,63,63.7425,542895000
USD000000TOD,D,221215,000000,64.05,65,63.8325,64.2975,696940000
USD000000TOD,D,221216,000000,64.405,64.715,64.4,64.5875,570784000
USD000000TOD,D,221219,000000,64.975,68.4675,64.745,67.5,766532000
USD000000TOD,D,221220,000000,68.2575,69.78,67.0475,69.08,731677000
USD000000TOD,D,221221,000000,69.31,70.84,69.235,70.655,737707000
USD000000TOD,D,221222,000000,71.155,72.63,68.8275,69.8,708337000
USD000000TOD,D,221223,000000,68.7,70.3075,67.0875,68.7975,841542000
USD000000TOD,D,221227,000000,69.5,70.83,68.3,70.83,750576000
USD000000TOD,D,221228,000000,70.5525,72.0575,70.5525,71.9875,830624000
USD000000TOD,D,221229,000000,71.7175,72.8775,70.9,71.4025,1046511000
USD000000TOD,D,221230,000000,71.7975,72.4975,68.3,68.9975,1045818000
USD000000TOD,D,230109,000000,72,72.0925,69.33,69.8675,778987000
USD000000TOD,D,230110,000000,70.235,70.235,69.2225,69.94,751244000
USD000000TOD,D,230111,000000,70,70.4,68.26,68.67,519795000
USD000000TOD,D,230112,000000,68.8925,68.8925,67.4975,67.7025,567065000
USD000000TOD,D,230113,000000,67.705,68.8675,67.005,68.45,619486000
USD000000TOD,D,230117,000000,68.765,69.375,68.3175,69.0975,578298000
USD000000TOD,D,230118,000000,69.44,69.87,68.6775,68.9,593416000
USD000000TOD,D,230119,000000,69.2025,69.205,68.7,68.86,465600000
USD000000TOD,D,230120,000000,68.9025,68.9725,68.45,68.9625,570722000
USD000000TOD,D,230123,000000,68.6525,68.9975,68.4475,68.73,486783000
USD000000TOD,D,230124,000000,68.9025,69.075,68.6,68.9325,486437000
USD000000TOD,D,230125,000000,69,69.6725,68.58,69.2825,588157000
USD000000TOD,D,230126,000000,69.3025,69.715,68.7825,69.24,587204000
USD000000TOD,D,230127,000000,69.3125,69.75,69.1575,69.49,568379000
USD000000TOD,D,230130,000000,69.5075,70.22,69.325,70.03,627547000
USD000000TOD,D,230131,000000,70.42,70.7725,69.99,70.06,585365000
USD000000TOD,D,230201,000000,70.0175,70.45,69.93,70.19,528819000
USD000000TOD,D,230202,000000,69.885,70.3375,69.7825,70.3025,433141000
USD000000TOD,D,230203,000000,70.5025,70.7625,70.1875,70.59,441817000
USD000000TOD,D,230206,000000,70.7025,70.985,70.43,70.9375,539673000
USD000000TOD,D,230207,000000,71.0375,71.3625,70.715,71.2,637550000
USD000000TOD,D,230208,000000,71.1525,72.2675,70.91,72.2325,534527000
USD000000TOD,D,230209,000000,72.4025,73.405,72.4025,72.7775,585703000
USD000000TOD,D,230210,000000,73.1875,73.4825,72.5475,73.2175,379856000
USD000000TOD,D,230213,000000,73.26,73.88,73.2,73.805,388022000
USD000000TOD,D,230214,000000,73.945,73.9925,72.9375,73.6,510798000
USD000000TOD,D,230215,000000,73.7025,74.66,73.7025,74.445,394528000
USD000000TOD,D,230216,000000,75.08,75.08,74.505,74.8075,488404000
USD000000TOD,D,230217,000000,74.9025,75.275,73.935,74.1,485252000
USD000000TOD,D,230221,000000,74.6625,75.1675,74.4475,75.1,574868000
USD000000TOD,D,230222,000000,75.215,76.04,74.9875,75.8,1577760000
USD000000TOD,D,230227,000000,76.1,76.5,74.64,74.7425,830558000
USD000000TOD,D,230228,000000,74.62,75.5375,73.915,75,627228000
USD000000TOD,D,230301,000000,75,75.5225,74.95,75.03,553751000
USD000000TOD,D,230302,000000,75.2,75.6675,75.155,75.4175,415780000
USD000000TOD,D,230303,000000,75.0425,75.705,75.0425,75.52,368781000
USD000000TOD,D,230306,000000,75.31,75.905,75.25,75.3625,457266000
USD000000TOD,D,230307,000000,75.355,75.6625,75.2725,75.6175,489349000
USD000000TOD,D,230309,000000,75.755,76.295,75.59,75.8475,359645000
USD000000TOD,D,230310,000000,75.8175,76.0825,75.7875,75.98,486275000
USD000000TOD,D,230313,000000,76.0975,76.0975,74.92,75.22,499525000
USD000000TOD,D,230314,000000,75.1,75.5,74.955,75.195,363130000
USD000000TOD,D,230315,000000,75.2875,76.095,75.1525,76.03,560283000
USD000000TOD,D,230316,000000,76.0325,77.475,75.985,76.775,621975000
USD000000TOD,D,230317,000000,76.55,77.1375,76.3,77.13,441959000
USD000000TOD,D,230320,000000,77.1475,77.745,76.55,77.1175,541702000
USD000000TOD,D,230321,000000,77.01,77.3075,76.6,76.695,393898000
USD000000TOD,D,230322,000000,76.8175,77.1,76.5975,76.84,388163000
USD000000TOD,D,230323,000000,76.7325,76.965,75.7225,76.0275,531887000
USD000000TOD,D,230324,000000,76.175,76.8,76.0025,76.695,460424000
USD000000TOD,D,230327,000000,76.9,77.245,76.405,76.65,499511000
USD000000TOD,D,230328,000000,76.635,76.9775,76.285,76.8975,370988000
USD000000TOD,D,230329,000000,76.9925,77.17,76.64,77.0825,498566000
USD000000TOD,D,230330,000000,77.11,77.295,76.875,77.1275,383689000
USD000000TOD,D,230331,000000,77.01,77.9575,76.9325,77.5275,606177000
USD000000TOD,D,230403,000000,77.48,78.6725,77.405,78.53,320520000
USD000000TOD,D,230404,000000,78.705,79.67,78.705,79.1925,340983000
USD000000TOD,D,230405,000000,79.38,79.8375,79.2,79.7225,300878000
USD000000TOD,D,230406,000000,79.79,81.13,79.5975,81.065,366481000
USD000000TOD,D,230407,000000,81.3625,83.495,80.75,80.845,416241000
USD000000TOD,D,230410,000000,80.7675,82.1775,80.65,81.74,465916000
USD000000TOD,D,230411,000000,81.63,82.5725,81.6125,82.12,393899000
USD000000TOD,D,230412,000000,82.095,82.425,81.9725,82.2275,421783000
USD000000TOD,D,230413,000000,82,82.105,81.2375,81.485,479955000
USD000000TOD,D,230414,000000,81.5,81.785,81.1425,81.745,394426000
USD000000TOD,D,230417,000000,81.8775,82.3275,81.1575,81.52,404039000
USD000000TOD,D,230418,000000,81.355,81.935,81.25,81.69,362401000
USD000000TOD,D,230419,000000,81.4575,81.9725,81.4575,81.7325,473404000
USD000000TOD,D,230420,000000,81.8275,81.9175,81.28,81.4225,338816000
USD000000TOD,D,230421,000000,81.73,81.7975,81.25,81.6525,348826000
USD000000TOD,D,230424,000000,81.735,81.86,80.7875,81.33,459496000
USD000000TOD,D,230425,000000,81.5075,81.685,81.1825,81.6575,641808000
USD000000TOD,D,230426,000000,81.505,81.7525,81.46,81.515,379834000
USD000000TOD,D,230427,000000,81.6175,81.99,81.1775,81.25,584577000
USD000000TOD,D,230428,000000,81.1475,81.6225,79.03,80.4,648755000
USD000000TOD,D,230502,000000,80.26,80.62,79.57,79.7475,575018000
USD000000TOD,D,230503,000000,79.7125,80.05,78.9275,79.3,333383000
USD000000TOD,D,230504,000000,79.33,79.4875,77.635,77.925,461614000
USD000000TOD,D,230505,000000,78.15,78.2,76.265,78,641551000
USD000000TOD,D,230510,000000,78,78.2475,75.835,76.23,571198000
USD000000TOD,D,230511,000000,76.165,77.2075,75.23,76.925,537056000
USD000000TOD,D,230512,000000,77.0975,78.015,76.2,77.5925,531762000
USD000000TOD,D,230515,000000,78,79.505,77.965,79.335,459268000
USD000000TOD,D,230516,000000,79.1975,80.485,79.185,80.42,390362000
USD000000TOD,D,230517,000000,80.4925,81.0775,80.1075,80.21,332370000
USD000000TOD,D,230518,000000,79.8575,80.4975,79.5025,80.11,415202000
USD000000TOD,D,230519,000000,80.2975,80.55,79.7,79.9275,427340000
USD000000TOD,D,230522,000000,80,80.155,79.76,79.98,321805000
USD000000TOD,D,230523,000000,80.15,80.4725,79.7475,80.1,386137000
USD000000TOD,D,230524,000000,80.2725,80.35,79.85,79.995,330135000
USD000000TOD,D,230525,000000,80.1675,80.4375,79.7325,80.1975,425715000
USD000000TOD,D,230526,000000,80.095,80.2775,79.805,79.9675,365542000
USD000000TOD,D,230530,000000,80.8875,81.395,80.1775,80.9175,473343000
USD000000TOD,D,230531,000000,81.3,81.3,80.8125,81.075,444796000
USD000000TOD,D,230601,000000,81.02,81.175,80.4875,80.7825,281177000
USD000000TOD,D,230602,000000,80.5925,81.58,80.5925,81.58,429852000
USD000000TOD,D,230605,000000,81.53,81.9175,80.72,80.925,558022000
USD000000TOD,D,230606,000000,81.0725,81.6675,80.885,81.5275,353211000
USD000000TOD,D,230607,000000,81.4625,81.9,81.3025,81.885,353124000
USD000000TOD,D,230608,000000,81.8875,82.775,81.81,82.62,391032000
USD000000TOD,D,230609,000000,82.7625,83.04,82.2625,82.6125,404831000
USD000000TOD,D,230613,000000,82.9,84.1375,82.745,84.02,510591000
USD000000TOD,D,230614,000000,84.4,85.0425,83.7475,84.1375,589494000
USD000000TOD,D,230615,000000,84.2825,84.665,83.305,83.53,529570000
USD000000TOD,D,230616,000000,83.6825,84,83.4075,83.99,520568000
USD000000TOD,D,230620,000000,84.195,84.6975,84.025,84.6875,421213000
USD000000TOD,D,230621,000000,84.7,84.98,83.79,83.8075,402584000
USD000000TOD,D,230622,000000,83.85,84.07,83.4225,84.035,508797000
USD000000TOD,D,230623,000000,84.3425,84.845,83.6,84.6825,487165000
USD000000TOD,D,230626,000000,85.32,87.29,84.24,85.325,590130000
USD000000TOD,D,230627,000000,85.095,85.23,84.4025,85.14,460790000
USD000000TOD,D,230628,000000,84.5525,86.51,84.5525,86.5,382714000
USD000000TOD,D,230629,000000,86.5,87.54,85.7475,87.245,393576000
USD000000TOD,D,230630,000000,87.53,89.56,87.2525,89.25,438299000
USD000000TOD,D,230703,000000,89.255,89.7,88.125,88.8725,417094000
USD000000TOD,D,230705,000000,89.72,91.07,89.2825,90.6325,322943000
USD000000TOD,D,230706,000000,90.99,93.85,90.99,91.11,373744000
USD000000TOD,D,230707,000000,91.8,92.725,90.965,90.9725,305105000
USD000000TOD,D,230710,000000,91.4,91.9925,90.305,90.8525,347754000
USD000000TOD,D,230711,000000,90.5,91.055,89.8,90.3875,603479000
USD000000TOD,D,230712,000000,90.0125,90.94,90.0125,90.56,396053000
USD000000TOD,D,230713,000000,91,91.3625,89.7625,90.135,673928000
USD000000TOD,D,230714,000000,90,90.47,89.72,90.2,594019000
USD000000TOD,D,230717,000000,90.2,90.9975,90.2,90.6175,458275000
USD000000TOD,D,230718,000000,90.865,91.055,90.4675,90.88,335019000
USD000000TOD,D,230719,000000,90.98,91.44,90.775,91.3,415754000
USD000000TOD,D,230720,000000,91.03,91.325,90.305,90.3725,316028000
USD000000TOD,D,230721,000000,90.2025,90.955,89.995,90.8975,372811000
USD000000TOD,D,230724,000000,91,91.1375,90.19,90.545,365008000
USD000000TOD,D,230725,000000,90.51,90.5125,89.8375,90.2075,446945000
USD000000TOD,D,230726,000000,90.34,90.4825,89.9,90.2,333607000
USD000000TOD,D,230727,000000,90.1975,90.7075,89.77,90.7075,534817000
USD000000TOD,D,230728,000000,90.7,91.7275,90.295,91.4525,391763000
USD000000TOD,D,230731,000000,91.9975,92.5975,91.25,91.355,474981000
USD000000TOD,D,230801,000000,91.695,92.25,91.4675,92.21,380647000
USD000000TOD,D,230802,000000,92.3,94.105,91.995,93.99,393381000
USD000000TOD,D,230803,000000,94.625,94.92,93.4175,94.7125,415013000
USD000000TOD,D,230804,000000,94.695,95.9,94.3275,95.9,586725000
USD000000TOD,D,230807,000000,95.72,97.1125,94.97,95.6775,437163000
USD000000TOD,D,230808,000000,96.1125,97.4825,95.515,97.1525,423324000
USD000000TOD,D,230809,000000,97.1,98.06,96.73,97.6,298279000
USD000000TOD,D,230810,000000,96.8275,97.8875,96.5025,97.51,325996000
USD000000TOD,D,230811,000000,97.64,99.39,97.5425,98.87,443969000
USD000000TOD,D,230814,000000,99.5,101.7525,97.5,98,484343000
USD000000TOD,D,230815,000000,97.1475,99.17,95.12,98.9175,624303000
USD000000TOD,D,230816,000000,96.8975,97.655,94.0025,94.8,337019000
USD000000TOD,D,230817,000000,94.995,95.5575,92.5475,93.6125,355243000
USD000000TOD,D,230818,000000,93.6,93.9325,92.575,93.7525,339470000
USD000000TOD,D,230821,000000,93.825,94.7125,93.0725,93.9975,356933000
USD000000TOD,D,230822,000000,93.965,94.5075,93.5,94.235,385125000
USD000000TOD,D,230823,000000,94,94.98,93.9025,94.1,340164000
USD000000TOD,D,230824,000000,94.925,94.9925,94.19,94.45,433837000
USD000000TOD,D,230825,000000,94.8,102.4675,94.4925,95.3075,430358000
USD000000TOD,D,230828,000000,95.45,95.86,95.0625,95.21,432455000
USD000000TOD,D,230829,000000,95.45,96.25,95.21,95.5225,465585000
USD000000TOD,D,230830,000000,95.79,96.165,95.6825,96.015,282829000
USD000000TOD,D,230831,000000,96.255,96.7825,95.675,95.81,312477000
USD000000TOD,D,230901,000000,96.1925,96.6675,95.75,96,379904000
USD000000TOD,D,230905,000000,96.895,97.8225,96.895,97.74,317224000
USD000000TOD,D,230906,000000,98.395,98.395,97.4025,97.9925,431334000
USD000000TOD,D,230907,000000,98.3,98.5425,97.2225,98.325,352969000
USD000000TOD,D,230908,000000,98.35,98.555,97.6,97.815,320514000
USD000000TOD,D,230911,000000,97.5,97.5,95.455,95.555,377692000
USD000000TOD,D,230912,000000,95.0025,95.3475,92.425,95.0425,571329000
USD000000TOD,D,230913,000000,94.95,96.76,94.4825,96.2,438909000
USD000000TOD,D,230914,000000,96.4475,96.945,95.65,96.5425,428323000
USD000000TOD,D,230915,000000,96.9,97.19,96.035,96.5675,426985000
USD000000TOD,D,230918,000000,96.5075,97.18,96.19,96.4225,366875000
USD000000TOD,D,230919,000000,96.6225,96.7825,95.8425,96.2425,256394000
USD000000TOD,D,230920,000000,96.2825,97,96.2825,96.3925,386469000
USD000000TOD,D,230921,000000,96.4875,96.605,95.345,95.945,361844000
USD000000TOD,D,230922,000000,96,96.2475,95.3,95.91,322564000
USD000000TOD,D,230925,000000,96.45,96.505,95.9,96.15,440337000
USD000000TOD,D,230926,000000,96.25,96.3625,95.985,96.25,313155000
USD000000TOD,D,230927,000000,96.25,96.5925,96.2275,96.49,545711000
USD000000TOD,D,230928,000000,96.77,97.255,96.5475,96.85,375526000
USD000000TOD,D,230929,000000,96.85,97.92,96.7925,97.62,550114000
USD000000TOD,D,231002,000000,97.88,99.19,97.88,99.155,534532000
USD000000TOD,D,231003,000000,100.1125,100.1125,99.01,99.2575,343579000
USD000000TOD,D,231004,000000,99.7,99.82,99.1575,99.6875,368407000
USD000000TOD,D,231005,000000,99.7,100.1825,99.45,100.06,327344000
USD000000TOD,D,231006,000000,100.4,101.39,99.68,100.43,426242000
USD000000TOD,D,231010,000000,100.2,100.87,99.2525,100.125,508811000
USD000000TOD,D,231011,000000,100.3,100.6975,99.6,99.9825,339811000
USD000000TOD,D,231012,000000,97.375,97.65,96.225,97.25,403391000
USD000000TOD,D,231013,000000,97.2,97.9,96.87,97.27,376635000
USD000000TOD,D,231016,000000,97.29,97.72,96.94,97.315,407929000
USD000000TOD,D,231017,000000,97.4,97.5,97.125,97.4225,386446000
USD000000TOD,D,231018,000000,97.7,97.85,97.07,97.3025,371229000
USD000000TOD,D,231019,000000,97.51,97.54,96.755,96.91,392718000
USD000000TOD,D,231020,000000,96.83,97.3125,95.2,95.4175,499996000
USD000000TOD,D,231023,000000,95.35,95.7675,94.19,94.695,522097000
USD000000TOD,D,231024,000000,94.615,94.615,93.22,93.3975,410071000
USD000000TOD,D,231025,000000,93.2,93.425,92.715,93.23,333418000
USD000000TOD,D,231026,000000,93.2,94.375,92.55,93.5,582421000
USD000000TOD,D,231027,000000,94.04,94.3525,92.44,93.7125,479262000
USD000000TOD,D,231030,000000,93.75,94.2775,92.71,93.1675,422792000
USD000000TOD,D,231031,000000,92.8,93.6825,91.58,93.3,664980000
USD000000TOD,D,231101,000000,93.35,93.725,92.46,92.7275,348572000
USD000000TOD,D,231102,000000,92.7225,93.335,92.7,93.1825,413108000
USD000000TOD,D,231103,000000,93.2475,93.5575,92.15,92.15,464131000
USD000000TOD,D,231107,000000,92.6,92.915,92.14,92.375,465870000
USD000000TOD,D,231108,000000,92.375,92.435,91.7175,91.805,411839000
USD000000TOD,D,231109,000000,92.5,93.12,91.705,91.915,397477000
USD000000TOD,D,231110,000000,92.13,92.2375,91.845,92.08,271118000
USD000000TOD,D,231113,000000,92.445,92.4525,91.74,91.75,333071000
USD000000TOD,D,231114,000000,91.8225,91.8875,90.36,90.5075,401072000
USD000000TOD,D,231115,000000,90.41,90.44,88.75,89.345,522277000
USD000000TOD,D,231116,000000,89.425,89.59,88.5475,88.97,354799000
USD000000TOD,D,231117,000000,89.185,90.19,88.85,89.9875,412154000
USD000000TOD,D,231120,000000,89.8775,89.88,88.1025,88.3,477517000
USD000000TOD,D,231121,000000,88.4025,88.6,87.63,87.86,467303000
USD000000TOD,D,231122,000000,88.0025,88.5025,87.7625,88.3825,589882000
USD000000TOD,D,231124,000000,88.9325,89.225,88.2025,88.5475,477268000
USD000000TOD,D,231127,000000,88.775,89,88.235,88.445,439791000
USD000000TOD,D,231128,000000,88.8075,89.1325,88.5025,89,441199000
USD000000TOD,D,231129,000000,89.3075,89.3075,88.335,88.63,448935000
USD000000TOD,D,231130,000000,88.41,89.38,88.305,89.38,325952000
USD000000TOD,D,231201,000000,89.385,90.35,89.0025,90.345,395619000
USD000000TOD,D,231204,000000,91.365,91.365,90.29,90.7225,333120000
USD000000TOD,D,231205,000000,91.1125,92.315,90.835,92.315,439843000
USD000000TOD,D,231206,000000,92.5775,93.2975,91.8475,92.4075,462625000
USD000000TOD,D,231207,000000,92.94,93.51,92.1375,92.7975,417096000
USD000000TOD,D,231208,000000,92.1,92.3625,90.8325,91.5925,391876000
USD000000TOD,D,231211,000000,91.99,92.1975,90.43,91,390702000
USD000000TOD,D,231212,000000,90.4975,90.625,89.7975,90.1,320791000
USD000000TOD,D,231213,000000,90.1575,90.1975,89.555,89.8225,447124000
USD000000TOD,D,231214,000000,89.9475,90.295,89.295,90.295,487966000
USD000000TOD,D,231215,000000,90,90.46,89.3825,90.1475,487008000
USD000000TOD,D,231218,000000,90.065,91.065,89.8675,90.0525,555472000
USD000000TOD,D,231219,000000,90.21,90.4975,89.8625,90.4525,422398000
USD000000TOD,D,231220,000000,90.6,91.0125,90.04,91.0125,509611000
USD000000TOD,D,231221,000000,90.9,92.7175,90.44,92.0375,540762000
USD000000TOD,D,231222,000000,92.2975,92.8,91.7,92.2,754096000
USD000000TOD,D,231226,000000,91.6875,92.055,91.3475,91.58,445357000
USD000000TOD,D,231227,000000,91.8675,92.0425,91.32,91.485,627739000
USD000000TOD,D,231228,000000,91.0425,91.18,89.22,89.5,542444000
USD000000TOD,D,231229,000000,89.1475,90.47,86.325,88.3475,802165000
USD000000TOD,D,240109,000000,91.6,91.6,88.96,89.1,684203000
USD000000TOD,D,240110,000000,89.9375,90,88.9925,89.8525,390353000
USD000000TOD,D,240111,000000,89.2775,89.505,88.52,88.5625,425943000
USD000000TOD,D,240112,000000,88.5975,88.65,87.6625,88.54,429255000
USD000000TOD,D,240116,000000,86.86,94.8225,86.7025,87.7575,544143000
USD000000TOD,D,240117,000000,88.3975,88.895,87.8775,88.7,419600000
USD000000TOD,D,240118,000000,88.9675,89.625,88.49,89,317626000
USD000000TOD,D,240119,000000,89.0575,89.2225,88.09,88.2025,343682000
USD000000TOD,D,240122,000000,88.42,88.5125,87.6825,87.8025,296398000
USD000000TOD,D,240123,000000,87.8,88.43,87.565,88.19,366412000
USD000000TOD,D,240124,000000,88.745,88.745,88.0625,88.4475,330306000
USD000000TOD,D,240125,000000,88.73,89.2075,88.34,89.07,337335000
USD000000TOD,D,240126,000000,89.1225,89.775,88.8525,89.55,451482000
USD000000TOD,D,240129,000000,89.7975,90.185,88.8275,88.9,335660000
USD000000TOD,D,240130,000000,88.9975,89.8025,88.6025,89.5725,422855000
USD000000TOD,D,240131,000000,89.59,89.95,89.3,89.8625,560418000
USD000000TOD,D,240201,000000,89.9975,90.45,89.7875,90.35,417950000
USD000000TOD,D,240202,000000,90.4975,91.1275,90.35,90.6025,328087000
USD000000TOD,D,240205,000000,90.7225,91.4775,90.0725,90.1725,445144000
USD000000TOD,D,240206,000000,90.5025,91.1,90.3425,91.0975,429701000
USD000000TOD,D,240207,000000,91.075,91.265,90.765,91.0025,422204000
USD000000TOD,D,240208,000000,91.12,91.435,91,91.005,332958000
USD000000TOD,D,240209,000000,91.4,92.685,90.2,90.93,460134000
USD000000TOD,D,240212,000000,90.76,91.405,90.76,91.2925,348585000
USD000000TOD,D,240213,000000,91.49,91.4925,91.015,91.145,300158000
USD000000TOD,D,240214,000000,91.1575,91.615,91.1575,91.375,417051000
USD000000TOD,D,240215,000000,91.41,92.27,91.315,92.24,320273000
USD000000TOD,D,240216,000000,92.3,93.31,92.2,93.31,790588000
USD000000TOD,D,240220,000000,92.54,92.625,92.2,92.325,375748000
USD000000TOD,D,240221,000000,92.3,92.56,92.155,92.33,440521000
USD000000TOD,D,240222,000000,93.15,100.15,91.185,95.9875,1171878000
USD000000TOD,D,240226,000000,92.7025,93.2075,91.79,92.1275,627257000
USD000000TOD,D,240227,000000,92.4575,92.4575,91.82,92.135,367392000
USD000000TOD,D,240228,000000,92.12,92.2625,91.155,92.1,418113000
USD000000TOD,D,240229,000000,91.1,91.33,90.5025,90.6525,399498000
USD000000TOD,D,240301,000000,91,91.68,90.8875,91.68,314750000
USD000000TOD,D,240304,000000,91.975,92,91.1725,91.1725,355209000
USD000000TOD,D,240305,000000,91.4775,91.4775,90.6875,90.7225,357352000
USD000000TOD,D,240306,000000,90.52,90.985,90.05,90.985,299812000
USD000000TOD,D,240307,000000,90.71,90.9475,90.4275,90.45,287261000
USD000000TOD,D,240311,000000,90.6775,90.815,90.41,90.5425,335447000
USD000000TOD,D,240312,000000,90.6075,91.81,90.495,91.8025,256444000
USD000000TOD,D,240313,000000,91.8775,91.945,91.155,91.155,266597000
USD000000TOD,D,240314,000000,91.9425,91.9425,91.2,91.2,332089000
USD000000TOD,D,240315,000000,91.705,92.575,91.465,92.5525,262383000
USD000000TOD,D,240318,000000,93,93.7275,91.2875,91.7475,296471000
USD000000TOD,D,240319,000000,92.08,92.6125,91.67,92.41,286917000
USD000000TOD,D,240320,000000,92.505,92.8175,92.1375,92.2775,275738000
USD000000TOD,D,240321,000000,92.37,92.4225,91.4,91.9625,278727000
USD000000TOD,D,240322,000000,92.4,92.76,91.325,92.7275,282204000
USD000000TOD,D,240325,000000,93,93,92.4925,92.6775,281723000
USD000000TOD,D,240326,000000,92.5875,92.835,92.1525,92.69,373145000
USD000000TOD,D,240327,000000,92.7925,92.7925,91.7375,92.1,459923000
USD000000TOD,D,240328,000000,92.18,92.6125,91.85,92.525,328100000
USD000000TOD,D,240329,000000,92.465,92.7025,91.9025,91.9025,442647000
USD000000TOD,D,240401,000000,92.38,92.44,92.1225,92.33,316927000
USD000000TOD,D,240402,000000,92.35,92.7325,92.21,92.4025,225506000
USD000000TOD,D,240403,000000,92.475,92.7475,91.8875,92.3625,438864000
USD000000TOD,D,240404,000000,92.35,92.4725,92.05,92.21,273617000
USD000000TOD,D,240405,000000,92.3,92.5,92.2,92.435,337572000
USD000000TOD,D,240408,000000,92.565,92.6625,92.39,92.59,324430000
USD000000TOD,D,240409,000000,92.6125,92.81,92.605,92.695,303192000
USD000000TOD,D,240410,000000,93,93.5425,92.8025,93.37,237401000
USD000000TOD,D,240411,000000,93.5,93.8825,93.015,93.19,271159000
USD000000TOD,D,240412,000000,93.3375,93.63,93.1325,93.3075,250044000
USD000000TOD,D,240415,000000,93.555,93.6875,93.37,93.58,320250000
USD000000TOD,D,240416,000000,93.795,94.405,93.7675,94.2925,315795000
USD000000TOD,D,240417,000000,94.4275,94.49,94.04,94.0425,325512000
USD000000TOD,D,240418,000000,94.265,94.3775,92.0725,92.0725,295263000
USD000000TOD,D,240419,000000,93.68,93.9375,92.81,93.0575,257040000
USD000000TOD,D,240422,000000,93.1825,93.6975,93.0525,93.2025,271299000
USD000000TOD,D,240423,000000,93.4125,93.47,92.9075,93.0025,220679000
USD000000TOD,D,240424,000000,93.15,93.165,92.1275,92.3025,341363000
USD000000TOD,D,240425,000000,92.4375,92.4925,91.88,92.0525,488315000
USD000000TOD,D,240426,000000,92.0125,92.05,90.8425,91.555,842431000
USD000000TOD,D,240502,000000,92.805,93.46,91.72,92.105,478069000
USD000000TOD,D,240503,000000,92.2825,92.2825,91.4025,91.4025,317146000
USD000000TOD,D,240506,000000,91.75,92,90.7875,91.195,521843000
USD000000TOD,D,240507,000000,91.955,91.955,90.865,91.2725,426734000
USD000000TOD,D,240508,000000,91.2325,91.925,91.0325,91.4925,395823000
USD000000TOD,D,240513,000000,92.2875,92.2975,91.215,91.3,344527000
USD000000TOD,D,240514,000000,91.37,91.6225,91.1075,91.275,313913000
USD000000TOD,D,240515,000000,91.23,91.4075,90.9275,91.06,300131000
USD000000TOD,D,240516,000000,91.0525,91.2,90.68,90.9775,375676000
USD000000TOD,D,240517,000000,91.185,91.185,90.7925,90.97,268973000
USD000000TOD,D,240520,000000,91.015,91.145,90.35,90.8475,344414000
USD000000TOD,D,240521,000000,90.5825,90.7775,90.12,90.395,350892000
USD000000TOD,D,240522,000000,90,90.28,89.71,89.95,279302000
USD000000TOD,D,240523,000000,90.1475,90.3,89.9325,89.95,247423000
USD000000TOD,D,240524,000000,89.9,90.0275,89.11,89.25,352420000
USD000000TOD,D,240528,000000,88.645,88.8975,88.18,88.5025,293311000
USD000000TOD,D,240529,000000,88.9275,89.725,88.54,89.2275,326002000
USD000000TOD,D,240530,000000,89.575,89.9975,89.4925,89.77,354452000
USD000000TOD,D,240531,000000,90,90.2925,89.785,89.83,338708000
USD000000TOD,D,240603,000000,89.755,90.16,88.7325,89.1425,361093000
USD000000TOD,D,240604,000000,89.0275,89.3825,88.4125,88.7475,274488000
USD000000TOD,D,240605,000000,88.835,88.96,88.4075,88.775,266251000
USD000000TOD,D,240606,000000,88.74,89.085,88.445,88.975,328968000
USD000000TOD,D,240607,000000,88.7675,89.425,88.415,89.12,355973000
USD000000TOD,D,240610,000000,88.76,89.42,88.64,88.8025,325891000
USD000000TOD,D,240611,000000,88.8225,89.23,88.4925,89.13,438250000
